0.0025  400.27002843846617  401.0038187482802  281.97981957208276  281.9927536326536  0.0  0.0  0.0  0.0
0.005  401.67992753632655  402.3849094204082  281.9539514509411  281.9668855115119  0.0  0.0  0.0  0.0
0.0075  403.08969729358125  403.79461450736005  281.9280833297994  281.94101739037023  0.0  0.0  0.0  0.0
0.01  404.4993377102303  405.2041902537062  281.9022152086577  281.91514926922855  0.0  0.0  0.0  0.0
0.0125  405.90884878627355  406.6136366594466  281.876347087516  281.88928114808687  0.0  0.0  0.0  0.0
0.015000000000000001  407.31823052171114  408.0229537245814  281.85047896637434  281.8634130269452  0.0  0.0  0.0  0.0
0.0175  408.72748291654307  409.4321414491104  281.82461084523266  281.8375449058035  0.0  0.0  0.0  0.0
0.02  410.1366059707692  410.8411998330337  281.79874272409097  281.8116767846618  0.0  0.0  0.0  0.0
0.0225  411.5455996843897  412.25012887635137  281.7728746029493  281.78580866352013  0.0  0.0  0.0  0.0
0.024999999999999998  412.9544640574044  413.6589285790632  281.7470064818076  281.75994054237844  0.0  0.0  0.0  0.0
0.027499999999999997  414.3631990898134  415.06759894116936  281.7211383606659  281.73407242123676  0.0  0.0  0.0  0.0
0.029999999999999995  415.77180478161677  416.47613996266983  281.69527023952423  281.7082043000951  0.0  0.0  0.0  0.0
0.032499999999999994  417.18028113281434  417.8845516435646  281.66940211838255  281.6823361789534  0.0  0.0  0.0  0.0
0.034999999999999996  418.58862814340625  419.29283398385365  281.64353399724087  281.6564680578117  0.0  0.0  0.0  0.0
0.0375  419.9968458133925  420.700986983537  281.6176658760992  281.63059993667  0.0  0.0  0.0  0.0
0.04  421.40493414277296  422.10901064261463  281.5917977549575  281.60473181552834  0.0  0.0  0.0  0.0
0.0425  422.81289313154775  423.5169049610866  281.5659296338158  281.57886369438665  0.0  0.0  0.0  0.0
0.045000000000000005  424.2207227797169  424.92466993895283  281.54006151267413  281.55299557324497  0.0  0.0  0.0  0.0
0.04750000000000001  425.6284230872802  426.33230557621334  281.51419339153244  281.5271274521033  0.0  0.0  0.0  0.0
0.05000000000000001  427.0359940542379  427.7398118728682  281.48832527039076  281.5012593309616  0.0  0.0  0.0  0.0
0.05250000000000001  428.4434356805899  429.14718882891725  281.4624571492491  281.4753912098199  0.0  0.0  0.0  0.0
0.055000000000000014  429.85074796633614  430.5544364443607  281.4365890281074  281.44952308867823  0.0  0.0  0.0  0.0
0.057500000000000016  431.2579309114767  431.9615547191984  281.4107209069657  281.42365496753655  0.0  0.0  0.0  0.0
0.06000000000000002  432.6649845160115  433.3685436534303  281.384852785824  281.39778684639487  0.0  0.0  0.0  0.0
0.06250000000000001  434.0719087799406  434.7754032470566  281.35898466468234  281.3719187252532  0.0  0.0  0.0  0.0
0.06500000000000002  435.47870370326405  436.18213350007716  281.33311654354065  281.3460506041115  0.0  0.0  0.0  0.0
0.06750000000000002  436.8853692859817  437.588734412492  281.30724842239897  281.3201824829698  0.0  0.0  0.0  0.0
0.07000000000000002  438.2919055280937  438.99520598430115  281.2813803012573  281.2943143618281  0.0  0.0  0.0  0.0
0.07250000000000002  439.69831242960004  440.4015482155046  281.2555121801156  281.26844624068644  0.0  0.0  0.0  0.0
0.07500000000000002  441.1045899905006  441.8077611061023  281.2296440589739  281.24257811954476  0.0  0.0  0.0  0.0
0.07750000000000003  442.51073821079547  443.21384465609435  281.20377593783223  281.2167099984031  0.0  0.0  0.0  0.0
0.08000000000000003  443.9167570904847  444.6197988654807  281.17790781669055  281.1908418772614  0.0  0.0  0.0  0.0
0.08250000000000003  445.3226466295681  446.0256237342613  281.15203969554886  281.1649737561197  0.0  0.0  0.0  0.0
0.08500000000000003  446.7284068280459  447.4313192624362  281.1261715744072  281.139105634978  0.0  0.0  0.0  0.0
0.08750000000000004  448.13403768591786  448.8368854500053  281.1003034532655  281.11323751383634  0.0  0.0  0.0  0.0
0.09000000000000004  449.5395392031842  450.2423222969688  281.0744353321238  281.08736939269465  0.0  0.0  0.0  0.0
0.09250000000000004  450.9449113798448  451.64762980332654  281.0485672109821  281.06150127155297  0.0  0.0  0.0  0.0
0.09500000000000004  452.3501542158997  453.0528079690786  281.02269908984044  281.0356331504113  0.0  0.0  0.0  0.0
0.09750000000000004  453.7552677113489  454.45785679422494  280.99683096869876  281.0097650292696  0.0  0.0  0.0  0.0
0.10000000000000005  455.1602518661924  455.8627762787656  280.9709628475571  280.9838969081279  0.0  0.0  0.0  0.0
0.10250000000000005  456.5651066804302  457.2675664227005  280.9450947264154  280.95802878698623  0.0  0.0  0.0  0.0
0.10500000000000005  457.96983215406226  458.67222722602975  280.9192266052737  280.93216066584455  0.0  0.0  0.0  0.0
0.10750000000000005  459.3744282870887  460.0767586887533  280.893358484132  280.90629254470286  0.0  0.0  0.0  0.0
0.11000000000000006  460.7788950795093  461.4811608108711  280.86749036299034  280.8804244235612  0.0  0.0  0.0  0.0
0.11250000000000006  462.1832325313243  462.8854335923832  280.84162224184865  280.8545563024195  0.0  0.0  0.0  0.0
0.11500000000000006  463.5874406425336  464.28957703328956  280.81575412070697  280.8286881812778  0.0  0.0  0.0  0.0
0.11750000000000006  464.9915194131371  465.6935911335903  280.7898859995653  280.8028200601361  0.0  0.0  0.0  0.0
0.12000000000000006  466.39546884313495  467.09747589328526  280.7640178784236  280.77695193899444  0.0  0.0  0.0  0.0
0.12250000000000007  467.799288932527  468.5012313123745  280.7381497572819  280.75108381785276  0.0  0.0  0.0  0.0
0.12500000000000006  469.2029796813134  469.90485739085807  280.71228163614023  280.7252156967111  0.0  0.0  0.0  0.0
0.12750000000000006  470.60654108949416  471.3083541287359  280.68641351499855  280.6993475755694  0.0  0.0  0.0  0.0
0.13000000000000006  472.0099731570691  472.71172152600803  280.66054539385686  280.6734794544277  0.0  0.0  0.0  0.0
0.13250000000000006  473.4132758840384  474.1149595826745  280.6346772727152  280.647611333286  0.0  0.0  0.0  0.0
0.13500000000000006  474.816449270402  475.5180682987352  280.6088091515735  280.62174321214434  0.0  0.0  0.0  0.0
0.13750000000000007  476.21949331615986  476.9210476741902  280.5829410304318  280.59587509100265  0.0  0.0  0.0  0.0
0.14000000000000007  477.622408021312  478.32389770903956  280.5570729092901  280.57000696986097  0.0  0.0  0.0  0.0
0.14250000000000007  479.02519338585853  479.72661840328317  280.53120478814844  280.5441388487193  0.0  0.0  0.0  0.0
0.14500000000000007  480.42784940979925  481.12920975692106  280.50533666700676  280.5182707275776  0.0  0.0  0.0  0.0
0.14750000000000008  481.8303760931343  482.5316717699533  280.4794685458651  280.4924026064359  0.0  0.0  0.0  0.0
0.15000000000000008  483.2327734358636  483.93400444237966  280.4536004247234  280.46653448529423  0.0  0.0  0.0  0.0
0.15250000000000008  484.6350414379872  485.33620777420043  280.4277323035817  280.44066636415255  0.0  0.0  0.0  0.0
0.15500000000000008  486.0371800995051  486.7382817654155  280.40186418244  280.41479824301086  0.0  0.0  0.0  0.0
0.15750000000000008  487.4391894204173  488.1402264160248  280.37599606129834  280.3889301218692  0.0  0.0  0.0  0.0
0.1600000000000001  488.84106940072377  489.54204172602846  280.35012794015665  280.3630620007275  0.0  0.0  0.0  0.0
0.1625000000000001  490.2428200404246  490.9437276954264  280.32425981901497  280.3371938795858  0.0  0.0  0.0  0.0
0.1650000000000001  491.64444133951963  492.3452843242186  280.2983916978733  280.3113257584441  0.0  0.0  0.0  0.0
0.1675000000000001  493.045933298009  493.74671161240514  280.2725235767316  280.28545763730244  0.0  0.0  0.0  0.0
0.1700000000000001  494.4472959158927  495.14800955998595  280.2466554555899  280.25958951616076  0.0  0.0  0.0  0.0
0.1725000000000001  495.84852919317063  496.54917816696104  280.22078733444823  280.2337213950191  0.0  0.0  0.0  0.0
0.1750000000000001  497.2496331298429  497.95021743333047  280.19491921330655  280.2078532738774  0.0  0.0  0.0  0.0
0.1775000000000001  498.6506077259095  499.3511273590941  280.16905109216486  280.1819851527357  0.0  0.0  0.0  0.0
0.1800000000000001  500.0514529813703  500.75190794425214  280.1431829710232  280.156117031594  0.0  0.0  0.0  0.0
0.1825000000000001  501.45216889622543  502.1525591888044  280.1173148498815  280.13024891045234  0.0  0.0  0.0  0.0
0.1850000000000001  502.8527554704748  503.5530810927509  280.0914467287398  280.10438078931065  0.0  0.0  0.0  0.0
0.1875000000000001  504.2532127041185  504.9534736560918  280.0655786075981  280.07851266816897  0.0  0.0  0.0  0.0
0.1900000000000001  505.6535405971565  506.3537368788269  280.03971048645644  280.0526445470273  0.0  0.0  0.0  0.0
0.19250000000000012  507.05373914958875  507.7538707609563  280.01384236531476  280.0267764258856  0.0  0.0  0.0  0.0
0.19500000000000012  508.4538083614153  509.15387530248006  279.9879742441731  280.0009083047439  0.0  0.0  0.0  0.0
0.19750000000000012  509.85374823263624  510.5537505033981  279.9621061230314  279.97504018360223  0.0  0.0  0.0  0.0
0.20000000000000012  511.25355876325136  511.95349636371037  279.9362380018897  279.94917206246055  0.0  0.0  0.0  0.0
0.20250000000000012  512.6532399532608  513.353112883417  279.910369880748  279.92330394131886  0.0  0.0  0.0  0.0
0.20500000000000013  514.0527918026645  514.7526000625178  279.88450175960634  279.8974358201772  0.0  0.0  0.0  0.0
0.20750000000000013  515.4522143114626  516.151957901013  279.85863363846465  279.8715676990355  0.0  0.0  0.0  0.0
0.21000000000000013  516.851507479655  517.5511863989026  279.83276551732297  279.8456995778938  0.0  0.0  0.0  0.0
0.21250000000000013  518.2506713072415  518.9502855561863  279.8068973961813  279.8198314567521  0.0  0.0  0.0  0.0
0.21500000000000014  519.6497057942225  520.3492553728644  279.7810292750396  279.79396333561044  0.0  0.0  0.0  0.0
0.21750000000000014  521.0486109405978  521.7480958489368  279.7551611538979  279.76809521446876  0.0  0.0  0.0  0.0
0.22000000000000014  522.4473867463672  523.1468069844034  279.72929303275623  279.7422270933271  0.0  0.0  0.0  0.0
0.22250000000000014  523.8460332115311  524.5453887792644  279.70342491161455  279.7163589721854  0.0  0.0  0.0  0.0
0.22500000000000014  525.2445503360892  525.9438412335197  279.67755679047286  279.6904908510437  0.0  0.0  0.0  0.0
0.22750000000000015  526.6429381200415  527.3421643471692  279.6516886693312  279.664622729902  0.0  0.0  0.0  0.0
0.23000000000000015  528.0411965633881  528.7403581202128  279.6258205481895  279.63875460876034  0.0  0.0  0.0  0.0
0.23250000000000015  529.4393256661291  530.138422552651  279.5999524270478  279.61288648761865  0.0  0.0  0.0  0.0
0.23500000000000015  530.8373254282643  531.5363576444834  279.5740843059061  279.58701836647697  0.0  0.0  0.0  0.0
0.23750000000000016  532.2351958497937  532.9341633957099  279.54821618476444  279.5611502453353  0.0  0.0  0.0  0.0
0.24000000000000016  533.6329369307176  534.331839806331  279.52234806362276  279.5352821241936  0.0  0.0  0.0  0.0
0.24250000000000016  535.0305486710357  535.7293868763462  279.4964799424811  279.5094140030519  0.0  0.0  0.0  0.0
0.24500000000000016  536.428031070748  537.1268046057556  279.4706118213394  279.48354588191023  0.0  0.0  0.0  0.0
0.24750000000000016  537.8253841298548  538.5240929945596  279.4447437001977  279.45767776076855  0.0  0.0  0.0  0.0
0.25000000000000017  539.2226078483558  539.9212520427577  279.418875579056  279.43180963962686  0.0  0.0  0.0  0.0
0.25250000000000017  540.619702226251  541.31828175035  279.39300745791434  279.4059415184852  0.0  0.0  0.0  0.0
0.25500000000000017  542.0166672635406  542.7151821173369  279.36713933677265  279.3800733973435  0.0  0.0  0.0  0.0
0.2575000000000002  543.4135029602245  544.1119531437179  279.34127121563097  279.3542052762018  0.0  0.0  0.0  0.0
0.2600000000000002  544.8102093163026  545.5085948294931  279.3154030944893  279.3283371550601  0.0  0.0  0.0  0.0
0.2625000000000002  546.2067863317751  546.9051071746627  279.2895349733476  279.30246903391844  0.0  0.0  0.0  0.0
0.2650000000000002  547.6032340066419  548.3014901792267  279.2636668522059  279.27660091277676  0.0  0.0  0.0  0.0
0.2675000000000002  548.9995523409028  549.6977438431848  279.23779873106423  279.2507327916351  0.0  0.0  0.0  0.0
0.2700000000000002  550.3957413345582  551.0938681665373  279.21193060992255  279.2248646704934  0.0  0.0  0.0  0.0
0.2725000000000002  551.7918009876079  552.4898631492841  279.18606248878086  279.1989965493517  0.0  0.0  0.0  0.0
0.2750000000000002  553.1877313000517  553.8857287914251  279.1601943676392  279.17312842821  0.0  0.0  0.0  0.0
0.2775000000000002  554.58353227189  555.2814650929605  279.1343262464975  279.14726030706834  0.0  0.0  0.0  0.0
0.2800000000000002  555.9792039031225  556.6770720538902  279.1084581253558  279.12139218592665  0.0  0.0  0.0  0.0
0.2825000000000002  557.3747461937493  558.0725496742141  279.0825900042141  279.09552406478497  0.0  0.0  0.0  0.0
0.2850000000000002  558.7701591437705  559.4678979539324  279.05672188307244  279.0696559436433  0.0  0.0  0.0  0.0
0.2875000000000002  560.1654427531859  560.863116893045  279.03085376193076  279.0437878225016  0.0  0.0  0.0  0.0
0.2900000000000002  561.5605970219955  562.2582064915517  279.0049856407891  279.0179197013599  0.0  0.0  0.0  0.0
0.2925000000000002  562.9556219501993  563.6531667494527  278.9791175196474  278.99205158021823  0.0  0.0  0.0  0.0
0.2950000000000002  564.3505175377976  565.0479976667482  278.9532493985057  278.96618345907655  0.0  0.0  0.0  0.0
0.2975000000000002  565.7452837847901  566.4426992434378  278.927381277364  278.94031533793486  0.0  0.0  0.0  0.0
0.3000000000000002  567.1399206911768  567.8372714795216  278.90151315622234  278.9144472167932  0.0  0.0  0.0  0.0
0.3025000000000002  568.534428256958  569.231714375  278.87564503508065  278.8885790956515  0.0  0.0  0.0  0.0
0.3050000000000002  569.9288064821334  570.6260279298725  278.84977691393897  278.8627109745098  0.0  0.0  0.0  0.0
0.3075000000000002  571.323055366703  572.0202121441392  278.8239087927973  278.8368428533681  0.0  0.0  0.0  0.0
0.3100000000000002  572.717174910667  573.4142670178005  278.7980406716556  278.81097473222644  0.0  0.0  0.0  0.0
0.3125000000000002  574.1111651140253  574.8081925508559  278.7721725505139  278.78510661108476  0.0  0.0  0.0  0.0
0.3150000000000002  575.5050259767778  576.2019887433055  278.74630442937223  278.7592384899431  0.0  0.0  0.0  0.0
0.3175000000000002  576.8987574989247  577.5956555951497  278.72043630823055  278.7333703688014  0.0  0.0  0.0  0.0
0.32000000000000023  578.2923596804659  578.9891931063879  278.69456818708886  278.7075022476597  0.0  0.0  0.0  0.0
0.32250000000000023  579.6858325214013  580.3826012770204  278.6687000659472  278.681634126518  0.0  0.0  0.0  0.0
0.32500000000000023  581.0791760217311  581.7758801070473  278.6428319448055  278.65576600537634  0.0  0.0  0.0  0.0
0.32750000000000024  582.4723901814551  583.1690295964686  278.6169638236638  278.62989788423465  0.0  0.0  0.0  0.0
0.33000000000000024  583.8654750005734  584.562049745284  278.5910957025221  278.60402976309297  0.0  0.0  0.0  0.0
0.33250000000000024  585.2584304790861  585.9549405534938  278.56522758138044  278.5781616419513  0.0  0.0  0.0  0.0
0.33500000000000024  586.651256616993  587.3477020210979  278.53935946023876  278.5522935208096  0.0  0.0  0.0  0.0
0.33750000000000024  588.0439534142942  588.7403341480962  278.5134913390971  278.5264253996679  0.0  0.0  0.0  0.0
0.34000000000000025  589.4365208709897  590.1328369344889  278.4876232179554  278.50055727852623  0.0  0.0  0.0  0.0
0.34250000000000025  590.8289589870795  591.5252103802759  278.4617550968137  278.47468915738455  0.0  0.0  0.0  0.0
0.34500000000000025  592.2212677625636  592.917454485457  278.435886975672  278.44882103624286  0.0  0.0  0.0  0.0
0.34750000000000025  593.613447197442  594.3095692500326  278.41001885453034  278.4229529151012  0.0  0.0  0.0  0.0
0.35000000000000026  595.0054972917147  595.7015546740025  278.38415073338865  278.3970847939595  0.0  0.0  0.0  0.0
0.35250000000000026  596.3974180453816  597.0934107573665  278.35828261224697  278.3712166728178  0.0  0.0  0.0  0.0
0.35500000000000026  597.7892094584428  598.4851375001248  278.3324144911053  278.3453485516761  0.0  0.0  0.0  0.0
0.35750000000000026  599.1808715308983  599.8767349022776  278.3065463699636  278.31948043053444  0.0  0.0  0.0  0.0
0.36000000000000026  600.5724042627481  601.2682029638245  278.2806782488219  278.29361230939276  0.0  0.0  0.0  0.0
0.36250000000000027  601.9638076539921  602.6595416847656  278.25481012768023  278.2677441882511  0.0  0.0  0.0  0.0
0.36500000000000027  603.3550817046306  604.0507510651013  278.22894200653855  278.2418760671094  0.0  0.0  0.0  0.0
0.36750000000000027  604.7462264146633  605.4418311048311  278.20307388539686  278.2160079459677  0.0  0.0  0.0  0.0
0.3700000000000003  606.1372417840902  606.8327818039551  278.1772057642552  278.190139824826  0.0  0.0  0.0  0.0
0.3725000000000003  607.5281278129115  608.2236031624736  278.1513376431135  278.16427170368434  0.0  0.0  0.0  0.0
0.3750000000000003  608.9188845011271  609.6142951803863  278.1254695219718  278.13840358254265  0.0  0.0  0.0  0.0
0.3775000000000003  610.3095118487369  611.0048578576932  278.0996014008301  278.11253546140097  0.0  0.0  0.0  0.0
0.3800000000000003  611.7000098557411  612.3952911943946  278.07373327968844  278.0866673402593  0.0  0.0  0.0  0.0
0.3825000000000003  613.0903785221395  613.7855951904902  278.04786515854676  278.0607992191176  0.0  0.0  0.0  0.0
0.3850000000000003  614.4806178479322  615.17576984598  278.0219970374051  278.0349310979759  0.0  0.0  0.0  0.0
0.3875000000000003  615.8707278331193  616.5658151608642  277.9961289162634  278.00906297683423  0.0  0.0  0.0  0.0
0.3900000000000003  617.2607084777006  617.9557311351427  277.9702607951217  277.98319485569255  0.0  0.0  0.0  0.0
0.3925000000000003  618.6505597816762  619.3455177688154  277.94439267398  277.95732673455086  0.0  0.0  0.0  0.0
0.3950000000000003  620.0402817450462  620.7351750618825  277.91852455283833  277.9314586134092  0.0  0.0  0.0  0.0
0.3975000000000003  621.4298743678104  622.1247030143439  277.89265643169665  277.9055904922675  0.0  0.0  0.0  0.0
0.4000000000000003  622.8193376499688  623.5141016261995  277.86678831055497  277.8797223711258  0.0  0.0  0.0  0.0
0.4025000000000003  624.2086715915217  624.9033708974495  277.8409201894133  277.8538542499841  0.0  0.0  0.0  0.0
0.4050000000000003  625.5978761924688  626.2925108280938  277.8150520682716  277.82798612884244  0.0  0.0  0.0  0.0
0.4075000000000003  626.9869514528101  627.6815214181322  277.7891839471299  277.80211800770076  0.0  0.0  0.0  0.0
0.4100000000000003  628.3758973725459  629.0704026675651  277.76331582598823  277.77624988655907  0.0  0.0  0.0  0.0
0.4125000000000003  629.7647139516758  630.4591545763923  277.73744770484655  277.7503817654174  0.0  0.0  0.0  0.0
0.4150000000000003  631.1534011902  631.8477771446136  277.71157958370486  277.7245136442757  0.0  0.0  0.0  0.0
0.4175000000000003  632.5419590881185  633.2362703722291  277.6857114625632  277.698645523134  0.0  0.0  0.0  0.0
0.4200000000000003  633.9303876454313  634.6246342592392  277.6598433414215  277.67277740199233  0.0  0.0  0.0  0.0
0.4225000000000003  635.3186868621384  636.0128688056434  277.6339752202798  277.64690928085065  0.0  0.0  0.0  0.0
0.4250000000000003  636.7068567382397  637.4009740114418  277.6081070991381  277.62104115970897  0.0  0.0  0.0  0.0
0.4275000000000003  638.0948972737355  638.7889498766348  277.58223897799644  277.5951730385673  0.0  0.0  0.0  0.0
0.4300000000000003  639.4828084686254  640.1767964012218  277.55637085685476  277.5693049174256  0.0  0.0  0.0  0.0
0.43250000000000033  640.8705903229096  641.5645135852031  277.53050273571307  277.5434367962839  0.0  0.0  0.0  0.0
0.43500000000000033  642.2582428365882  642.952101428579  277.5046346145714  277.51756867514223  0.0  0.0  0.0  0.0
0.43750000000000033  643.6457660096611  644.339559931349  277.4787664934297  277.49170055400054  0.0  0.0  0.0  0.0
0.44000000000000034  645.0331598421282  645.7268890935131  277.452898372288  277.46583243285886  0.0  0.0  0.0  0.0
0.44250000000000034  646.4204243339897  647.1140889150719  277.42703025114633  277.4399643117172  0.0  0.0  0.0  0.0
0.44500000000000034  647.8075594852454  648.5011593960247  277.40116213000465  277.4140961905755  0.0  0.0  0.0  0.0
0.44750000000000034  649.1945652958954  649.8881005363718  277.37529400886297  277.3882280694338  0.0  0.0  0.0  0.0
0.45000000000000034  650.5814417659398  651.2749123361133  277.3494258877213  277.3623599482921  0.0  0.0  0.0  0.0
0.45250000000000035  651.9681888953784  652.6615947952491  277.3235577665796  277.33649182715044  0.0  0.0  0.0  0.0
0.45500000000000035  653.3548066842112  654.0481479137791  277.2976896454379  277.31062370600876  0.0  0.0  0.0  0.0
0.45750000000000035  654.7412951324385  655.4345716917035  277.27182152429623  277.28475558486707  0.0  0.0  0.0  0.0
0.46000000000000035  656.12765424006  656.8208661290222  277.24595340315454  277.2588874637254  0.0  0.0  0.0  0.0
0.46250000000000036  657.5138840070757  658.207031225735  277.22008528201286  277.2330193425837  0.0  0.0  0.0  0.0
0.46500000000000036  658.8999844334859  659.5930669818423  277.1942171608712  277.207151221442  0.0  0.0  0.0  0.0
0.46750000000000036  660.2859555192903  660.9789733973439  277.1683490397295  277.18128310030033  0.0  0.0  0.0  0.0
0.47000000000000036  661.6717972644889  662.3647504722396  277.1424809185878  277.15541497915865  0.0  0.0  0.0  0.0
0.47250000000000036  663.0575096690819  663.7503982065298  277.1166127974461  277.12954685801697  0.0  0.0  0.0  0.0
0.47500000000000037  664.4430927330692  665.1359166002143  277.09074467630444  277.1036787368753  0.0  0.0  0.0  0.0
0.47750000000000037  665.8285464564507  666.5213056532929  277.06487655516275  277.0778106157336  0.0  0.0  0.0  0.0
0.48000000000000037  667.2138708392264  667.9065653657657  277.03900843402107  277.0519424945919  0.0  0.0  0.0  0.0
0.4825000000000004  668.5990658813965  669.2916957376331  277.0131403128794  277.02607437345023  0.0  0.0  0.0  0.0
0.4850000000000004  669.9841315829609  670.6766967688945  276.9872721917377  277.00020625230854  0.0  0.0  0.0  0.0
0.4875000000000004  671.3690679439195  672.0615684595502  276.961404070596  276.97433813116686  0.0  0.0  0.0  0.0
0.4900000000000004  672.7538749642725  673.4463108096005  276.93553594945433  276.9484700100252  0.0  0.0  0.0  0.0
0.4925000000000004  674.1385526440198  674.8309238190449  276.90966782831265  276.9226018888835  0.0  0.0  0.0  0.0
0.4950000000000004  675.5231009831613  676.2154074878835  276.88379970717097  276.8967337677418  0.0  0.0  0.0  0.0
0.4975000000000004  676.9075199816972  677.5997618161166  276.8579315860293  276.8708656466001  0.0  0.0  0.0  0.0
0.5000000000000003  678.2918096396273  678.9839868037438  276.8320634648876  276.84499752545844  0.0  0.0  0.0  0.0
0.5025000000000003  679.6759699569517  680.3680824507653  276.8061953437459  276.81912940431675  0.0  0.0  0.0  0.0
0.5050000000000002  681.0600009336705  681.7520487571813  276.7803272226042  276.79326128317507  0.0  0.0  0.0  0.0
0.5075000000000002  682.4439025697835  683.1358857229915  276.75445910146254  276.7673931620334  0.0  0.0  0.0  0.0
0.5100000000000001  683.8276748652908  684.5195933481958  276.72859098032086  276.7415250408917  0.0  0.0  0.0  0.0
0.5125000000000001  685.2113178201924  685.9031716327946  276.7027228591792  276.71565691975  0.0  0.0  0.0  0.0
0.515  686.5948314344884  687.2866205767878  276.6768547380375  276.68978879860833  0.0  0.0  0.0  0.0
0.5175  687.9782157081785  688.669940180175  276.6509866168958  276.66392067746665  0.0  0.0  0.0  0.0
0.5199999999999999  689.361470641263  690.0531304429567  276.6251184957541  276.63805255632496  0.0  0.0  0.0  0.0
0.5224999999999999  690.7445962337418  691.4361913651327  276.59925037461244  276.6121844351833  0.0  0.0  0.0  0.0
0.5249999999999998  692.1275924856149  692.8191229467028  276.57338225347075  276.5863163140416  0.0  0.0  0.0  0.0
0.5274999999999997  693.5104593968823  694.2019251876674  276.54751413232907  276.5604481928999  0.0  0.0  0.0  0.0
0.5299999999999997  694.893196967544  695.5845980880263  276.5216460111874  276.5345800717582  0.0  0.0  0.0  0.0
0.5324999999999996  696.2758051975999  696.9671416477793  276.4957778900457  276.50871195061654  0.0  0.0  0.0  0.0
0.5349999999999996  697.6582840870502  698.3495558669267  276.469909768904  276.48284382947486  0.0  0.0  0.0  0.0
0.5374999999999995  699.0406336358948  699.7318407454685  276.44404164776233  276.4569757083332  0.0  0.0  0.0  0.0
0.5399999999999995  700.4228538441336  701.1139962834044  276.41817352662065  276.4311075871915  0.0  0.0  0.0  0.0
0.5424999999999994  701.8049447117666  702.4960224807345  276.39230540547896  276.4052394660498  0.0  0.0  0.0  0.0
0.5449999999999994  703.186906238794  703.8779193374592  276.3664372843373  276.3793713449081  0.0  0.0  0.0  0.0
0.5474999999999993  704.5687384252157  705.2596868535779  276.3405691631956  276.35350322376644  0.0  0.0  0.0  0.0
0.5499999999999993  705.9504412710315  706.6413250290909  276.3147010420539  276.32763510262475  0.0  0.0  0.0  0.0
0.5524999999999992  707.3320147762419  708.0228338639985  276.2888329209122  276.30176698148307  0.0  0.0  0.0  0.0
0.5549999999999992  708.7134589408464  709.4042133583001  276.26296479977054  276.2758988603414  0.0  0.0  0.0  0.0
0.5574999999999991  710.0947737648452  710.785463511996  276.23709667862886  276.2500307391997  0.0  0.0  0.0  0.0
0.559999999999999  711.4759592482384  712.1665843250864  276.2112285574872  276.224162618058  0.0  0.0  0.0  0.0
0.562499999999999  712.8570153910258  713.547575797571  276.1853604363455  276.19829449691633  0.0  0.0  0.0  0.0
0.564999999999999  714.2379421932075  714.9284379294497  276.1594923152038  276.17242637577465  0.0  0.0  0.0  0.0
0.5674999999999989  715.6187396547836  716.309170720723  276.1336241940621  276.14655825463296  0.0  0.0  0.0  0.0
0.5699999999999988  716.9994077757539  717.6897741713905  276.10775607292044  276.1206901334913  0.0  0.0  0.0  0.0
0.5724999999999988  718.3799465561184  719.0702482814521  276.08188795177875  276.0948220123496  0.0  0.0  0.0  0.0
0.5749999999999987  719.7603559958774  720.4505930509082  276.05601983063707  276.0689538912079  0.0  0.0  0.0  0.0
0.5774999999999987  721.1406360950306  721.8308084797586  276.0301517094954  276.0430857700662  0.0  0.0  0.0  0.0
0.5799999999999986  722.520786853578  723.2108945680031  276.0042835883537  276.01721764892454  0.0  0.0  0.0  0.0
0.5824999999999986  723.9008082715198  724.5908513156421  275.978415467212  275.99134952778286  0.0  0.0  0.0  0.0
0.5849999999999985  725.2807003488559  725.9706787226754  275.95254734607033  275.9654814066412  0.0  0.0  0.0  0.0
0.5874999999999985  726.6604630855862  727.3503767891028  275.92667922492865  275.9396132854995  0.0  0.0  0.0  0.0
0.5899999999999984  728.040096481711  728.7299455149247  275.90081110378696  275.9137451643578  0.0  0.0  0.0  0.0
0.5924999999999984  729.4196005372299  730.1093849001409  275.8749429826453  275.8878770432161  0.0  0.0  0.0  0.0
0.5949999999999983  730.7989752521431  731.4886949447512  275.8490748615036  275.86200892207444  0.0  0.0  0.0  0.0
0.5974999999999983  732.1782206264508  732.8678756487559  275.8232067403619  275.83614080093275  0.0  0.0  0.0  0.0
0.5999999999999982  733.5573366601526  734.246927012155  275.7973386192202  275.81027267979107  0.0  0.0  0.0  0.0
0.6024999999999981  734.9363233532487  735.6258490349481  275.77147049807854  275.7844045586494  0.0  0.0  0.0  0.0
0.6049999999999981  736.315180705739  737.0046417171355  275.74560237693686  275.7585364375077  0.0  0.0  0.0  0.0
0.607499999999998  737.6939087176237  738.3833050587175  275.7197342557952  275.732668316366  0.0  0.0  0.0  0.0
0.609999999999998  739.0725073889026  739.7618390596936  275.6938661346535  275.70680019522433  0.0  0.0  0.0  0.0
0.6124999999999979  740.4509767195758  741.1402437200638  275.6679980135118  275.68093207408265  0.0  0.0  0.0  0.0
0.6149999999999979  741.8293167096434  742.5185190398287  275.6421298923701  275.65506395294096  0.0  0.0  0.0  0.0
0.6174999999999978  743.2075273591053  743.8966650189876  275.61626177122844  275.6291958317993  0.0  0.0  0.0  0.0
0.6199999999999978  744.5856086679613  745.2746816575408  275.59039365008675  275.6033277106576  0.0  0.0  0.0  0.0
0.6224999999999977  745.9635606362118  746.6525689554885  275.56452552894507  275.5774595895159  0.0  0.0  0.0  0.0
0.6249999999999977  747.3413832638565  748.0303269128303  275.5386574078034  275.5515914683742  0.0  0.0  0.0  0.0
0.6274999999999976  748.7190765508955  749.4079555295664  275.5127892866617  275.52572334723254  0.0  0.0  0.0  0.0
0.6299999999999976  750.0966404973288  750.785454805697  275.48692116552  275.49985522609086  0.0  0.0  0.0  0.0
0.6324999999999975  751.4740751031565  752.1628247412217  275.46105304437833  275.4739871049492  0.0  0.0  0.0  0.0
0.6349999999999975  752.8513803683783  753.5400653361406  275.43518492323665  275.4481189838075  0.0  0.0  0.0  0.0
0.6374999999999974  754.2285562929945  754.917176590454  275.40931680209496  275.4222508626658  0.0  0.0  0.0  0.0
0.6399999999999973  755.605602877005  756.2941585041617  275.3834486809533  275.3963827415241  0.0  0.0  0.0  0.0
0.6424999999999973  756.9825201204097  757.6710110772635  275.3575805598116  275.37051462038244  0.0  0.0  0.0  0.0
0.6449999999999972  758.3593080232089  759.0477343097598  275.3317124386699  275.34464649924075  0.0  0.0  0.0  0.0
0.6474999999999972  759.7359665854023  760.4243282016504  275.3058443175282  275.31877837809907  0.0  0.0  0.0  0.0
0.6499999999999971  761.1124958069898  761.8007927529351  275.27997619638654  275.2929102569574  0.0  0.0  0.0  0.0
0.6524999999999971  762.4888956879719  763.1771279636142  275.25410807524486  275.2670421358157  0.0  0.0  0.0  0.0
0.654999999999997  763.8651662283481  764.5533338336877  275.2282399541032  275.241174014674  0.0  0.0  0.0  0.0
0.657499999999997  765.2413074281186  765.9294103631553  275.2023718329615  275.21530589353233  0.0  0.0  0.0  0.0
0.6599999999999969  766.6173192872835  767.3053575520173  275.1765037118198  275.18943777239065  0.0  0.0  0.0  0.0
0.6624999999999969  767.9932018058427  768.6811754002737  275.1506355906781  275.16356965124896  0.0  0.0  0.0  0.0
0.6649999999999968  769.368954983796  770.0568639079241  275.12476746953644  275.1377015301073  0.0  0.0  0.0  0.0
0.6674999999999968  770.7445788211436  771.4324230749688  275.09889934839475  275.1118334089656  0.0  0.0  0.0  0.0
0.6699999999999967  772.1200733178856  772.8078529014081  275.07303122725307  275.0859652878239  0.0  0.0  0.0  0.0
0.6724999999999967  773.4954384740219  774.1831533872414  275.0471631061114  275.0600971666822  0.0  0.0  0.0  0.0
0.6749999999999966  774.8706742895523  775.558324532469  275.0212949849697  275.03422904554054  0.0  0.0  0.0  0.0
0.6774999999999965  776.2457807644772  776.9333663370911  274.995426863828  275.00836092439886  0.0  0.0  0.0  0.0
0.6799999999999965  777.6207578987963  778.3082788011073  274.96955874268633  274.9824928032572  0.0  0.0  0.0  0.0
0.6824999999999964  778.9956056925097  779.6830619245178  274.94369062154465  274.9566246821155  0.0  0.0  0.0  0.0
0.6849999999999964  780.3703241456175  781.0577157073228  274.91782250040296  274.9307565609738  0.0  0.0  0.0  0.0
0.6874999999999963  781.7449132581195  782.4322401495219  274.8919543792613  274.9048884398321  0.0  0.0  0.0  0.0
0.6899999999999963  783.1193730300157  783.8066352511153  274.8660862581196  274.87902031869044  0.0  0.0  0.0  0.0
0.6924999999999962  784.4937034613064  785.1809010121032  274.8402181369779  274.85315219754875  0.0  0.0  0.0  0.0
0.6949999999999962  785.8679045519913  786.5550374324852  274.8143500158362  274.82728407640707  0.0  0.0  0.0  0.0
0.6974999999999961  787.2419763020704  787.9290445122614  274.78848189469454  274.8014159552654  0.0  0.0  0.0  0.0
0.6999999999999961  788.6159187115439  789.302922251432  274.76261377355286  274.7755478341237  0.0  0.0  0.0  0.0
0.702499999999996  789.9897317804117  790.676670649997  274.7367456524112  274.749679712982  0.0  0.0  0.0  0.0
0.704999999999996  791.3634155086737  792.0502897079562  274.7108775312695  274.72381159184033  0.0  0.0  0.0  0.0
0.7074999999999959  792.7369698963302  793.4237794253097  274.6850094101278  274.69794347069865  0.0  0.0  0.0  0.0
0.7099999999999959  794.1103949433808  794.7971398020576  274.6591412889861  274.67207534955696  0.0  0.0  0.0  0.0
0.7124999999999958  795.4836906498257  796.1703708381996  274.63327316784444  274.6462072284153  0.0  0.0  0.0  0.0
0.7149999999999958  796.856857015665  797.543472533736  274.60740504670275  274.6203391072736  0.0  0.0  0.0  0.0
0.7174999999999957  798.2298940408986  798.9164448886668  274.58153692556107  274.5944709861319  0.0  0.0  0.0  0.0
0.7199999999999956  799.6028017255263  800.2892879029916  274.5556688044194  274.5686028649902  0.0  0.0  0.0  0.0
0.7224999999999956  800.9755800695485  801.662001576711  274.5298006832777  274.54273474384854  0.0  0.0  0.0  0.0
0.7249999999999955  802.348229072965  803.0345859098246  274.503932562136  274.51686662270686  0.0  0.0  0.0  0.0
0.7274999999999955  803.7207487357756  804.4070409023324  274.47806444099433  274.4909985015652  0.0  0.0  0.0  0.0
0.7299999999999954  805.0931390579805  805.7793665542343  274.45219631985265  274.4651303804235  0.0  0.0  0.0  0.0
0.7324999999999954  806.4654000395798  807.1515628655309  274.42632819871096  274.4392622592818  0.0  0.0  0.0  0.0
0.7349999999999953  807.8375316805733  808.5236298362215  274.4004600775693  274.4133941381401  0.0  0.0  0.0  0.0
0.7374999999999953  809.209533980961  809.8955674663064  274.3745919564276  274.38752601699844  0.0  0.0  0.0  0.0
0.7399999999999952  810.5814069407432  811.2673757557858  274.3487238352859  274.36165789585675  0.0  0.0  0.0  0.0
0.7424999999999952  811.9531505599197  812.6390547046593  274.3228557141442  274.33578977471507  0.0  0.0  0.0  0.0
0.7449999999999951  813.3247648384903  814.0106043129271  274.29698759300254  274.3099216535734  0.0  0.0  0.0  0.0
0.7474999999999951  814.6962497764554  815.3820245805894  274.27111947186086  274.2840535324317  0.0  0.0  0.0  0.0
0.749999999999995  816.0676053738147  816.7533155076458  274.2452513507192  274.25818541129  0.0  0.0  0.0  0.0
0.752499999999995  817.4388316305682  818.1244770940964  274.2193832295775  274.23231729014833  0.0  0.0  0.0  0.0
0.7549999999999949  818.8099285467162  819.4955093399416  274.1935151084358  274.20644916900665  0.0  0.0  0.0  0.0
0.7574999999999948  820.1808961222583  820.8664122451809  274.1676469872941  274.18058104786496  0.0  0.0  0.0  0.0
0.7599999999999948  821.5517343571947  822.2371858098144  274.14177886615244  274.1547129267233  0.0  0.0  0.0  0.0
0.7624999999999947  822.9224432515256  823.6078300338423  274.11591074501075  274.1288448055816  0.0  0.0  0.0  0.0
0.7649999999999947  824.2930228052506  824.9783449172646  274.09004262386907  274.1029766844399  0.0  0.0  0.0  0.0
0.7674999999999946  825.6634730183699  826.348730460081  274.0641745027274  274.0771085632982  0.0  0.0  0.0  0.0
0.7699999999999946  827.0337938908837  827.7189866622919  274.0383063815857  274.05124044215654  0.0  0.0  0.0  0.0
0.7724999999999945  828.4039854227916  829.089113523897  274.012438260444  274.02537232101486  0.0  0.0  0.0  0.0
0.7749999999999945  829.7740476140938  830.4591110448963  273.98657013930233  273.9995041998732  0.0  0.0  0.0  0.0
0.7774999999999944  831.1439804647904  831.82897922529  273.96070201816065  273.9736360787315  0.0  0.0  0.0  0.0
0.7799999999999944  832.5137839748812  833.1987180650781  273.93483389701896  273.9477679575898  0.0  0.0  0.0  0.0
0.7824999999999943  833.8834581443663  834.5683275642602  273.9089657758773  273.9218998364481  0.0  0.0  0.0  0.0
0.7849999999999943  835.2530029732458  835.9378077228369  273.8830976547356  273.89603171530644  0.0  0.0  0.0  0.0
0.7874999999999942  836.6224184615195  837.3071585408078  273.8572295335939  273.87016359416475  0.0  0.0  0.0  0.0
0.7899999999999942  837.9917046091874  838.6763800181728  273.8313614124522  273.84429547302307  0.0  0.0  0.0  0.0
0.7924999999999941  839.3608614162496  840.0454721549321  273.80549329131054  273.8184273518814  0.0  0.0  0.0  0.0
0.794999999999994  840.7298888827062  841.4144349510859  273.77962517016886  273.7925592307397  0.0  0.0  0.0  0.0
0.797499999999994  842.098787008557  842.7832684066339  273.7537570490272  273.766691109598  0.0  0.0  0.0  0.0
0.7999999999999939  843.467555793802  844.151972521576  273.7278889278855  273.74082298845633  0.0  0.0  0.0  0.0
0.8024999999999939  844.8361952384415  845.5205472959127  273.7020208067438  273.71495486731465  0.0  0.0  0.0  0.0
0.8049999999999938  846.2047053424752  846.8889927296435  273.6761526856021  273.68908674617296  0.0  0.0  0.0  0.0
0.8074999999999938  847.5730861059031  848.2573088227686  273.65028456446043  273.6632186250313  0.0  0.0  0.0  0.0
0.8099999999999937  848.9413375287255  849.6254955752881  273.62441644331875  273.6373505038896  0.0  0.0  0.0  0.0
0.8124999999999937  850.3094596109421  850.9935529872018  273.59854832217707  273.6114823827479  0.0  0.0  0.0  0.0
0.8149999999999936  851.6774523525529  852.3614810585098  273.5726802010354  273.5856142616062  0.0  0.0  0.0  0.0
0.8174999999999936  853.0453157535582  853.7292797892122  273.5468120798937  273.55974614046454  0.0  0.0  0.0  0.0
0.8199999999999935  854.4130498139576  855.0969491793088  273.520943958752  273.53387801932286  0.0  0.0  0.0  0.0
0.8224999999999935  855.7806545337513  856.4644892287996  273.49507583761033  273.5080098981812  0.0  0.0  0.0  0.0
0.8249999999999934  857.1481299129395  857.8318999376849  273.46920771646865  273.4821417770395  0.0  0.0  0.0  0.0
0.8274999999999934  858.5154759515218  859.1991813059644  273.44333959532696  273.4562736558978  0.0  0.0  0.0  0.0
0.8299999999999933  859.8826926494984  860.5663333336381  273.4174714741853  273.4304055347561  0.0  0.0  0.0  0.0
0.8324999999999932  861.2497800068694  861.9333560207062  273.3916033530436  273.40453741361443  0.0  0.0  0.0  0.0
0.8349999999999932  862.6167380236346  863.3002493671687  273.3657352319019  273.37866929247275  0.0  0.0  0.0  0.0
0.8374999999999931  863.9835666997941  864.6670133730253  273.3398671107602  273.35280117133107  0.0  0.0  0.0  0.0
0.8399999999999931  865.350266035348  866.0336480382763  273.31399898961854  273.3269330501894  0.0  0.0  0.0  0.0
0.842499999999993  866.7168360302961  867.4001533629216  273.28813086847686  273.3010649290477  0.0  0.0  0.0  0.0
0.844999999999993  868.0832766846385  868.7665293469611  273.26226274733517  273.275196807906  0.0  0.0  0.0  0.0
0.8474999999999929  869.4495879983753  870.132775990395  273.2363946261935  273.24932868676433  0.0  0.0  0.0  0.0
0.8499999999999929  870.8157699715063  871.4988932932232  273.2105265050518  273.22346056562264  0.0  0.0  0.0  0.0
0.8524999999999928  872.1818226040315  872.8648812554455  273.1846583839101  273.19759244448096  0.0  0.0  0.0  0.0
0.8549999999999928  873.5477458959509  874.2307398770621  273.15879026276843  273.1717243233393  0.0  0.0  0.0  0.0
0.8574999999999927  874.9135398472648  875.5964691580732  273.13292214162675  273.1458562021976  0.0  0.0  0.0  0.0
0.8599999999999927  876.2792044579729  876.9620690984784  273.10705402048507  273.1199880810559  0.0  0.0  0.0  0.0
0.8624999999999926  877.6447397280753  878.3275396982779  273.0811858993434  273.0941199599142  0.0  0.0  0.0  0.0
0.8649999999999926  879.010145657572  879.6928809574719  273.0553177782017  273.06825183877254  0.0  0.0  0.0  0.0
0.8674999999999925  880.375422246463  881.05809287606  273.02944965706  273.04238371763086  0.0  0.0  0.0  0.0
0.8699999999999924  881.7405694947482  882.4231754540423  273.00358153591833  273.01651559648917  0.0  0.0  0.0  0.0
0.8724999999999924  883.1055874024279  883.7881286914192  272.97771341477664  272.9906474753475  0.0  0.0  0.0  0.0
0.8749999999999923  884.4704759695018  885.1529525881901  272.95184529363496  272.9647793542058  0.0  0.0  0.0  0.0
0.8774999999999923  885.8352351959699  886.5176471443554  272.9259771724933  272.9389112330641  0.0  0.0  0.0  0.0
0.8799999999999922  887.1998650818324  887.8822123599151  272.9001090513516  272.91304311192243  0.0  0.0  0.0  0.0
0.8824999999999922  888.5643656270892  889.246648234869  272.8742409302099  272.88717499078075  0.0  0.0  0.0  0.0
0.8849999999999921  889.9287368317401  890.6109547692171  272.8483728090682  272.86130686963907  0.0  0.0  0.0  0.0
0.8874999999999921  891.2929786957856  891.9751319629596  272.82250468792654  272.8354387484974  0.0  0.0  0.0  0.0
0.889999999999992  892.6570912192252  893.3391798160965  272.79663656678485  272.8095706273557  0.0  0.0  0.0  0.0
0.892499999999992  894.0210744020591  894.7030983286274  272.77076844564317  272.783702506214  0.0  0.0  0.0  0.0
0.8949999999999919  895.3849282442874  896.0668875005529  272.7449003245015  272.75783438507233  0.0  0.0  0.0  0.0
0.8974999999999919  896.7486527459099  897.4305473318726  272.7190322033598  272.73196626393064  0.0  0.0  0.0  0.0
0.8999999999999918  898.1122479069267  898.7940778225865  272.6931640822181  272.70609814278896  0.0  0.0  0.0  0.0
0.9024999999999918  899.4757137273378  900.1574789726948  272.66729596107643  272.6802300216473  0.0  0.0  0.0  0.0
0.9049999999999917  900.8390502071433  901.5207507821974  272.64142783993475  272.6543619005056  0.0  0.0  0.0  0.0
0.9074999999999916  902.2022573463429  902.8838932510942  272.61555971879307  272.6284937793639  0.0  0.0  0.0  0.0
0.9099999999999916  903.565335144937  904.2469063793853  272.5896915976514  272.6026256582222  0.0  0.0  0.0  0.0
0.9124999999999915  904.9282836029253  905.6097901670709  272.5638234765097  272.57675753708054  0.0  0.0  0.0  0.0
0.9149999999999915  906.2911027203078  906.9725446141505  272.537955355368  272.55088941593885  0.0  0.0  0.0  0.0
0.9174999999999914  907.6537924970845  908.3351697206243  272.5120872342263  272.52502129479717  0.0  0.0  0.0  0.0
0.9199999999999914  909.0163529332557  909.6976654864927  272.48621911308464  272.4991531736555  0.0  0.0  0.0  0.0
0.9224999999999913  910.3787840288211  911.0600319117552  272.46035099194296  272.4732850525138  0.0  0.0  0.0  0.0
0.9249999999999913  911.7410857837807  912.422268996412  272.4344828708013  272.4474169313721  0.0  0.0  0.0  0.0
0.9274999999999912  913.1032581981348  913.7843767404632  272.4086147496596  272.42154881023043  0.0  0.0  0.0  0.0
0.9299999999999912  914.465301271883  915.1463551439086  272.3827466285179  272.39568068908875  0.0  0.0  0.0  0.0
0.9324999999999911  915.8272150050256  916.5082042067482  272.3568785073762  272.36981256794706  0.0  0.0  0.0  0.0
0.9349999999999911  917.1889993975625  917.8699239289824  272.33101038623454  272.3439444468054  0.0  0.0  0.0  0.0
0.937499999999991  918.5506544494937  919.2315143106107  272.30514226509285  272.3180763256637  0.0  0.0  0.0  0.0
0.939999999999991  919.912180160819  920.5929753516332  272.27927414395117  272.292208204522  0.0  0.0  0.0  0.0
0.9424999999999909  921.2735765315389  921.9543070520502  272.2534060228095  272.2663400833803  0.0  0.0  0.0  0.0
0.9449999999999908  922.6348435616529  923.3155094118614  272.2275379016678  272.24047196223864  0.0  0.0  0.0  0.0
0.9474999999999908  923.9959812511612  924.6765824310668  272.2016697805261  272.21460384109696  0.0  0.0  0.0  0.0
0.9499999999999907  925.3569896000639  926.0375261096666  272.17580165938443  272.1887357199553  0.0  0.0  0.0  0.0
0.9524999999999907  926.7178686083608  927.3983404476608  272.14993353824275  272.1628675988136  0.0  0.0  0.0  0.0
0.9549999999999906  928.078618276052  928.759025445049  272.12406541710106  272.1369994776719  0.0  0.0  0.0  0.0
0.9574999999999906  929.4392386031376  930.1195811018317  272.0981972959594  272.1111313565302  0.0  0.0  0.0  0.0
0.9599999999999905  930.7997295896174  931.4800074180088  272.0723291748177  272.08526323538854  0.0  0.0  0.0  0.0
0.9624999999999905  932.1600912354914  932.8403043935799  272.046461053676  272.05939511424685  0.0  0.0  0.0  0.0
0.9649999999999904  933.5203235407599  934.2004720285455  272.0205929325343  272.03352699310517  0.0  0.0  0.0  0.0
0.9674999999999904  934.8804265054226  935.5605103229054  271.99472481139264  272.0076588719635  0.0  0.0  0.0  0.0
0.9699999999999903  936.2404001294796  936.9204192766595  271.96885669025096  271.9817907508218  0.0  0.0  0.0  0.0
0.9724999999999903  937.6002444129309  938.2801988898079  271.9429885691093  271.9559226296801  0.0  0.0  0.0  0.0
0.9749999999999902  938.9599593557765  939.6398491623507  271.9171204479676  271.93005450853843  0.0  0.0  0.0  0.0
0.9774999999999902  940.3195449580163  940.9993700942877  271.8912523268259  271.90418638739675  0.0  0.0  0.0  0.0
0.9799999999999901  941.6790012196503  942.3587616856188  271.8653842056842  271.87831826625506  0.0  0.0  0.0  0.0
0.98249999999999  943.0383281406788  943.7180239363445  271.83951608454254  271.8524501451134  0.0  0.0  0.0  0.0
0.98499999999999  944.3975257211015  945.0771568464643  271.81364796340085  271.8265820239717  0.0  0.0  0.0  0.0
0.9874999999999899  945.7565939609184  946.4361604159783  271.78777984225917  271.80071390283  0.0  0.0  0.0  0.0
0.9899999999999899  947.1155328601297  947.7950346448869  271.7619117211175  271.7748457816883  0.0  0.0  0.0  0.0
0.9924999999999898  948.4743424187353  949.1537795331895  271.7360435999758  271.74897766054664  0.0  0.0  0.0  0.0
0.9949999999999898  949.8330226367351  950.5123950808864  271.7101754788341  271.72310953940496  0.0  0.0  0.0  0.0
0.9974999999999897  951.1915735141293  951.8708812879779  271.68430735769243  271.6972414182633  0.0  0.0  0.0  0.0
0.9999999999999897  952.5499950509178  953.2292381544635  271.65843923655075  271.6713732971216  0.0  0.0  0.0  0.0
1.0024999999999897  953.9082872471005  954.5874656803433  271.63257111540906  271.6455051759799  0.0  0.0  0.0  0.0
1.0049999999999897  955.2664501026776  955.9455638656176  271.6067029942674  271.6196370548382  0.0  0.0  0.0  0.0
1.0074999999999896  956.6244836176489  957.303532710286  271.5808348731257  271.59376893369654  0.0  0.0  0.0  0.0
1.0099999999999896  957.9823877920145  958.6613722143487  271.554966751984  271.56790081255485  0.0  0.0  0.0  0.0
1.0124999999999895  959.3401626257745  960.0190823778058  271.5290986308423  271.54203269141317  0.0  0.0  0.0  0.0
1.0149999999999895  960.6978081189287  961.3766632006573  271.50323050970064  271.5161645702715  0.0  0.0  0.0  0.0
1.0174999999999894  962.0553242714772  962.7341146829028  271.47736238855896  271.4902964491298  0.0  0.0  0.0  0.0
1.0199999999999894  963.41271108342  964.0914368245428  271.4514942674173  271.4644283279881  0.0  0.0  0.0  0.0
1.0224999999999893  964.7699685547572  965.4486296255772  271.4256261462756  271.43856020684643  0.0  0.0  0.0  0.0
1.0249999999999893  966.1270966854885  966.8056930860056  271.3997580251339  271.41269208570475  0.0  0.0  0.0  0.0
1.0274999999999892  967.4840954756143  968.1626272058285  271.3738899039922  271.38682396456306  0.0  0.0  0.0  0.0
1.0299999999999891  968.8409649251342  969.5194319850457  271.34802178285054  271.3609558434214  0.0  0.0  0.0  0.0
1.032499999999989  970.1977050340485  970.876107423657  271.32215366170885  271.3350877222797  0.0  0.0  0.0  0.0
1.034999999999989  971.5543158023571  972.2326535216628  271.29628554056717  271.309219601138  0.0  0.0  0.0  0.0
1.037499999999989  972.91079723006  973.5890702790629  271.2704174194255  271.2833514799963  0.0  0.0  0.0  0.0
1.039999999999989  974.2671493171571  974.9453576958571  271.2445492982838  271.25748335885464  0.0  0.0  0.0  0.0
1.0424999999999889  975.6233720636484  976.3015157720455  271.2186811771421  271.23161523771296  0.0  0.0  0.0  0.0
1.0449999999999888  976.9794654695341  977.6575445076285  271.19281305600043  271.2057471165713  0.0  0.0  0.0  0.0
1.0474999999999888  978.3354295348141  979.0134439026056  271.16694493485875  271.1798789954296  0.0  0.0  0.0  0.0
1.0499999999999887  979.6912642594883  980.3692139569769  271.14107681371706  271.1540108742879  0.0  0.0  0.0  0.0
1.0524999999999887  981.046969643557  981.7248546707427  271.1152086925754  271.1281427531462  0.0  0.0  0.0  0.0
1.0549999999999886  982.4025456870198  983.0803660439027  271.0893405714337  271.10227463200454  0.0  0.0  0.0  0.0
1.0574999999999886  983.7579923898769  984.4357480764569  271.063472450292  271.07640651086285  0.0  0.0  0.0  0.0
1.0599999999999885  985.1133097521284  985.7910007684056  271.0376043291503  271.05053838972117  0.0  0.0  0.0  0.0
1.0624999999999885  986.4684977737742  987.1461241197485  271.01173620800864  271.0246702685795  0.0  0.0  0.0  0.0
1.0649999999999884  987.8235564548141  988.5011181304856  270.98586808686696  270.9988021474378  0.0  0.0  0.0  0.0
1.0674999999999883  989.1784857952485  989.8559828006172  270.9599999657253  270.9729340262961  0.0  0.0  0.0  0.0
1.0699999999999883  990.5332857950772  991.2107181301429  270.9341318445836  270.94706590515443  0.0  0.0  0.0  0.0
1.0724999999999882  991.8879564543  992.5653241190629  270.9082637234419  270.92119778401275  0.0  0.0  0.0  0.0
1.0749999999999882  993.2424977729173  993.9198007673773  270.8823956023002  270.89532966287106  0.0  0.0  0.0  0.0
1.0774999999999881  994.5969097509288  995.274148075086  270.85652748115854  270.8694615417294  0.0  0.0  0.0  0.0
1.079999999999988  995.9511923883346  996.6283660421889  270.83065936001685  270.8435934205877  0.0  0.0  0.0  0.0
1.082499999999988  997.3053456851347  997.9824546686862  270.80479123887517  270.817725299446  0.0  0.0  0.0  0.0
1.084999999999988  998.6593696413291  999.3364139545778  270.7789231177335  270.7918571783043  0.0  0.0  0.0  0.0
1.087499999999988  1000.0132642569178  1000.6902438998635  270.7530549965918  270.76598905716264  0.0  0.0  0.0  0.0
1.0899999999999879  1001.3670295319008  1002.0439445045437  270.7271868754501  270.74012093602096  0.0  0.0  0.0  0.0
1.0924999999999878  1002.7206654662781  1003.3975157686182  270.70131875430843  270.7142528148793  0.0  0.0  0.0  0.0
1.0949999999999878  1004.0741720600496  1004.7509576920868  270.67545063316675  270.6883846937376  0.0  0.0  0.0  0.0
1.0974999999999877  1005.4275493132155  1006.1042702749498  270.64958251202506  270.6625165725959  0.0  0.0  0.0  0.0
1.0999999999999877  1006.7807972257757  1007.4574535172072  270.6237143908834  270.6366484514542  0.0  0.0  0.0  0.0
1.1024999999999876  1008.1339157977301  1008.8105074188587  270.5978462697417  270.61078033031254  0.0  0.0  0.0  0.0
1.1049999999999875  1009.4869050290787  1010.1634319799044  270.5719781486  270.58491220917085  0.0  0.0  0.0  0.0
1.1074999999999875  1010.8397649198217  1011.5162272003447  270.5461100274583  270.55904408802917  0.0  0.0  0.0  0.0
1.1099999999999874  1012.192495469959  1012.8688930801791  270.52024190631664  270.5331759668875  0.0  0.0  0.0  0.0
1.1124999999999874  1013.5450966794905  1014.2214296194077  270.49437378517496  270.5073078457458  0.0  0.0  0.0  0.0
1.1149999999999873  1014.8975685484164  1015.5738368180308  270.4685056640333  270.4814397246041  0.0  0.0  0.0  0.0
1.1174999999999873  1016.2499110767366  1016.9261146760481  270.4426375428916  270.45557160346243  0.0  0.0  0.0  0.0
1.1199999999999872  1017.6021242644509  1018.2782631934596  270.4167694217499  270.42970348232075  0.0  0.0  0.0  0.0
1.1224999999999872  1018.9542081115598  1019.6302823702656  270.3909013006082  270.40383536117906  0.0  0.0  0.0  0.0
1.1249999999999871  1020.3061626180628  1020.9821722064657  270.36503317946654  270.3779672400374  0.0  0.0  0.0  0.0
1.127499999999987  1021.65798778396  1022.3339327020601  270.33916505832485  270.3520991188957  0.0  0.0  0.0  0.0
1.129999999999987  1023.0096836092517  1023.685563857049  270.31329693718317  270.326230997754  0.0  0.0  0.0  0.0
1.132499999999987  1024.3612500939375  1025.037065671432  270.2874288160415  270.3003628766123  0.0  0.0  0.0  0.0
1.134999999999987  1025.7126872380177  1026.3884381452092  270.2615606948998  270.27449475547064  0.0  0.0  0.0  0.0
1.1374999999999869  1027.063995041492  1027.7396812783807  270.2356925737581  270.24862663432896  0.0  0.0  0.0  0.0
1.1399999999999868  1028.4151735043606  1029.0907950709463  270.20982445261643  270.2227585131873  0.0  0.0  0.0  0.0
1.1424999999999867  1029.7662226266239  1030.441779522907  270.18395633147475  270.1968903920456  0.0  0.0  0.0  0.0
1.1449999999999867  1031.1171424082813  1031.7926346342615  270.15808821033306  270.1710222709039  0.0  0.0  0.0  0.0
1.1474999999999866  1032.467932849333  1033.1433604050103  270.1322200891914  270.1451541497622  0.0  0.0  0.0  0.0
1.1499999999999866  1033.818593949779  1034.4939568351533  270.1063519680497  270.11928602862054  0.0  0.0  0.0  0.0
1.1524999999999865  1035.169125709619  1035.8444239246905  270.080483846908  270.09341790747885  0.0  0.0  0.0  0.0
1.1549999999999865  1036.5195281288534  1037.194761673622  270.0546157257663  270.06754978633717  0.0  0.0  0.0  0.0
1.1574999999999864  1037.8698012074824  1038.5449700819483  270.02874760462464  270.0416816651955  0.0  0.0  0.0  0.0
1.1599999999999864  1039.2199449455056  1039.8950491496687  270.00287948348296  270.0158135440538  0.0  0.0  0.0  0.0
1.1624999999999863  1040.569959342923  1041.2449988767833  269.9770113623413  269.9899454229121  0.0  0.0  0.0  0.0
1.1649999999999863  1041.9198443997348  1042.594819263292  269.9511432411996  269.96407730177043  0.0  0.0  0.0  0.0
1.1674999999999862  1043.2696001159406  1043.944510309195  269.9252751200579  269.93820918062875  0.0  0.0  0.0  0.0
1.1699999999999862  1044.6192264915408  1045.2940720144923  269.8994069989162  269.91234105948706  0.0  0.0  0.0  0.0
1.172499999999986  1045.9687235265355  1046.6435043791842  269.87353887777454  269.8864729383454  0.0  0.0  0.0  0.0
1.174999999999986  1047.3180912209245  1047.9928074032705  269.84767075663285  269.8606048172037  0.0  0.0  0.0  0.0
1.177499999999986  1048.6673295747078  1049.3419810867508  269.82180263549117  269.834736696062  0.0  0.0  0.0  0.0
1.179999999999986  1050.0164385878852  1050.6910254296254  269.7959345143495  269.8088685749203  0.0  0.0  0.0  0.0
1.182499999999986  1051.3654182604569  1052.0399404318941  269.7700663932078  269.78300045377864  0.0  0.0  0.0  0.0
1.1849999999999858  1052.7142685924227  1053.3887260935571  269.7441982720661  269.75713233263696  0.0  0.0  0.0  0.0
1.1874999999999858  1054.0629895837833  1054.7373824146148  269.71833015092443  269.7312642114953  0.0  0.0  0.0  0.0
1.1899999999999857  1055.411581234538  1056.085909395067  269.69246202978275  269.7053960903536  0.0  0.0  0.0  0.0
1.1924999999999857  1056.760043544687  1057.434307034913  269.66659390864106  269.6795279692119  0.0  0.0  0.0  0.0
1.1949999999999856  1058.1083765142303  1058.7825753341533  269.6407257874994  269.6536598480702  0.0  0.0  0.0  0.0
1.1974999999999856  1059.4565801431677  1060.1307142927878  269.6148576663577  269.62779172692854  0.0  0.0  0.0  0.0
1.1999999999999855  1060.8046544314993  1061.4787239108166  269.588989545216  269.60192360578685  0.0  0.0  0.0  0.0
1.2024999999999855  1062.1525993792252  1062.8266041882396  269.5631214240743  269.57605548464517  0.0  0.0  0.0  0.0
1.2049999999999854  1063.5004149863457  1064.1743551250574  269.53725330293264  269.5501873635035  0.0  0.0  0.0  0.0
1.2074999999999854  1064.8481012528605  1065.5219767212693  269.51138518179096  269.5243192423618  0.0  0.0  0.0  0.0
1.2099999999999853  1066.1956581787695  1066.8694689768754  269.4855170606493  269.4984511212201  0.0  0.0  0.0  0.0
1.2124999999999853  1067.5430857640727  1068.2168318918757  269.4596489395076  269.47258300007843  0.0  0.0  0.0  0.0
1.2149999999999852  1068.89038400877  1069.5640654662702  269.4337808183659  269.44671487893675  0.0  0.0  0.0  0.0
1.2174999999999851  1070.2375529128617  1070.911169700059  269.4079126972242  269.42084675779506  0.0  0.0  0.0  0.0
1.219999999999985  1071.584592476348  1072.2581445932426  269.38204457608254  269.3949786366534  0.0  0.0  0.0  0.0
1.222499999999985  1072.9315026992285  1073.6049901458202  269.35617645494085  269.3691105155117  0.0  0.0  0.0  0.0
1.224999999999985  1074.2782835815033  1074.951706357792  269.33030833379917  269.34324239437  0.0  0.0  0.0  0.0
1.227499999999985  1075.6249351231722  1076.2982932291582  269.3044402126575  269.3173742732283  0.0  0.0  0.0  0.0
1.2299999999999849  1076.9714573242354  1077.6447507599185  269.2785720915158  269.29150615208664  0.0  0.0  0.0  0.0
1.2324999999999848  1078.3178501846928  1078.991078950073  269.2527039703741  269.26563803094496  0.0  0.0  0.0  0.0
1.2349999999999848  1079.664113704545  1080.3372777996221  269.22683584923243  269.2397699098033  0.0  0.0  0.0  0.0
1.2374999999999847  1081.0102478837912  1081.6833473085658  269.20096772809075  269.2139017886616  0.0  0.0  0.0  0.0
1.2399999999999847  1082.3562527224317  1083.0292874769034  269.17509960694906  269.1880336675199  0.0  0.0  0.0  0.0
1.2424999999999846  1083.7021282204664  1084.3750983046352  269.1492314858074  269.1621655463782  0.0  0.0  0.0  0.0
1.2449999999999846  1085.0478743778954  1085.7207797917613  269.1233633646657  269.13629742523653  0.0  0.0  0.0  0.0
1.2474999999999845  1086.3934911947185  1087.0663319382816  269.097495243524  269.11042930409485  0.0  0.0  0.0  0.0
1.2499999999999845  1087.7389786709364  1088.4117547441965  269.0716271223823  269.08456118295317  0.0  0.0  0.0  0.0
1.2524999999999844  1089.0843368065484  1089.757048209506  269.04575900124064  269.0586930618115  0.0  0.0  0.0  0.0
1.2549999999999844  1090.4295656015547  1091.1022123342093  269.01989088009896  269.0328249406698  0.0  0.0  0.0  0.0
1.2574999999999843  1091.7746650559552  1092.447247118307  268.99402275895727  269.0069568195281  0.0  0.0  0.0  0.0
1.2599999999999842  1093.11963516975  1093.7921525617987  268.9681546378156  268.98108869838643  0.0  0.0  0.0  0.0
1.2624999999999842  1094.4644759429389  1095.1369286646848  268.9422865166739  268.95522057724475  0.0  0.0  0.0  0.0
1.2649999999999841  1095.809187375522  1096.481575426965  268.9164183955322  268.92935245610306  0.0  0.0  0.0  0.0
1.267499999999984  1097.1537694674998  1097.8260928486402  268.89055027439053  268.9034843349614  0.0  0.0  0.0  0.0
1.269999999999984  1098.498222218872  1099.1704809297094  268.86468215324885  268.8776162138197  0.0  0.0  0.0  0.0
1.272499999999984  1099.8425456296382  1100.5147396701727  268.83881403210717  268.851748092678  0.0  0.0  0.0  0.0
1.274999999999984  1101.1867396997986  1101.8588690700303  268.8129459109655  268.8258799715363  0.0  0.0  0.0  0.0
1.2774999999999839  1102.5308044293533  1103.2028691292821  268.7870777898238  268.80001185039464  0.0  0.0  0.0  0.0
1.2799999999999838  1103.8747398183023  1104.5467398479282  268.7612096686821  268.77414372925296  0.0  0.0  0.0  0.0
1.2824999999999838  1105.2185458666459  1105.890481225969  268.73534154754043  268.74827560811127  0.0  0.0  0.0  0.0
1.2849999999999837  1106.5622225743837  1107.234093263404  268.70947342639874  268.7224074869696  0.0  0.0  0.0  0.0
1.2874999999999837  1107.9057699415157  1108.5775759602332  268.68360530525706  268.6965393658279  0.0  0.0  0.0  0.0
1.2899999999999836  1109.249187968042  1109.9209293164565  268.6577371841154  268.6706712446862  0.0  0.0  0.0  0.0
1.2924999999999836  1110.5924766539624  1111.264153332074  268.6318690629737  268.64480312354453  0.0  0.0  0.0  0.0
1.2949999999999835  1111.935635999277  1112.607248007086  268.606000941832  268.61893500240285  0.0  0.0  0.0  0.0
1.2974999999999834  1113.2786660039865  1113.9502133414924  268.5801328206903  268.59306688126117  0.0  0.0  0.0  0.0
1.2999999999999834  1114.62156666809  1115.2930493352933  268.55426469954864  268.5671987601195  0.0  0.0  0.0  0.0
1.3024999999999833  1115.9643379915879  1116.6357559884882  268.52839657840696  268.5413306389778  0.0  0.0  0.0  0.0
1.3049999999999833  1117.3069799744799  1117.9783333010773  268.50252845726527  268.5154625178361  0.0  0.0  0.0  0.0
1.3074999999999832  1118.649492616766  1119.3207812730607  268.4766603361236  268.48959439669443  0.0  0.0  0.0  0.0
1.3099999999999832  1119.9918759184466  1120.6630999044382  268.4507922149819  268.46372627555274  0.0  0.0  0.0  0.0
1.3124999999999831  1121.3341298795217  1122.0052891952105  268.4249240938402  268.43785815441106  0.0  0.0  0.0  0.0
1.314999999999983  1122.676254499991  1123.3473491453772  268.39905597269853  268.4119900332694  0.0  0.0  0.0  0.0
1.317499999999983  1124.0182497798546  1124.6892797549378  268.37318785155685  268.3861219121277  0.0  0.0  0.0  0.0
1.319999999999983  1125.3601157191124  1126.0310810238927  268.34731973041517  268.360253790986  0.0  0.0  0.0  0.0
1.322499999999983  1126.7018523177644  1127.3727529522419  268.3214516092735  268.3343856698443  0.0  0.0  0.0  0.0
1.3249999999999829  1128.0434595758106  1128.7142955399852  268.2955834881318  268.30851754870264  0.0  0.0  0.0  0.0
1.3274999999999828  1129.384937493251  1130.0557087871227  268.2697153669901  268.28264942756095  0.0  0.0  0.0  0.0
1.3299999999999828  1130.7262860700862  1131.3969926936552  268.24384724584843  268.25678130641927  0.0  0.0  0.0  0.0
1.3324999999999827  1132.0675053063155  1132.7381472595816  268.21797912470674  268.2309131852776  0.0  0.0  0.0  0.0
1.3349999999999826  1133.408595201939  1134.0791724849023  268.19211100356506  268.2050450641359  0.0  0.0  0.0  0.0
1.3374999999999826  1134.7495557569569  1135.4200683696172  268.1662428824234  268.1791769429942  0.0  0.0  0.0  0.0
1.3399999999999825  1136.0903869713688  1136.7608349137263  268.1403747612817  268.15330882185253  0.0  0.0  0.0  0.0
1.3424999999999825  1137.431088845175  1138.1014721172296  268.11450664014  268.12744070071085  0.0  0.0  0.0  0.0
1.3449999999999824  1138.771661378376  1139.4419799801278  268.0886385189983  268.10157257956917  0.0  0.0  0.0  0.0
1.3474999999999824  1140.112104570971  1140.78235850242  268.06277039785664  268.0757044584275  0.0  0.0  0.0  0.0
1.3499999999999823  1141.4524184229604  1142.1226076841065  268.03690227671495  268.0498363372858  0.0  0.0  0.0  0.0
1.3524999999999823  1142.792602934344  1143.4627275251871  268.01103415557327  268.0239682161441  0.0  0.0  0.0  0.0
1.3549999999999822  1144.1326581051217  1144.802718025662  267.9851660344316  267.9981000950024  0.0  0.0  0.0  0.0
1.3574999999999822  1145.4725839352936  1146.142579185531  267.9592979132899  267.97223197386074  0.0  0.0  0.0  0.0
1.3599999999999821  1146.8123804248603  1147.4823110047948  267.9334297921482  267.94636385271906  0.0  0.0  0.0  0.0
1.362499999999982  1148.1520475738212  1148.821913483453  267.90756167100653  267.9204957315774  0.0  0.0  0.0  0.0
1.364999999999982  1149.4915853821763  1150.1613866215052  267.88169354986485  267.8946276104357  0.0  0.0  0.0  0.0
1.367499999999982  1150.8309938499256  1151.5007304189517  267.85582542872316  267.868759489294  0.0  0.0  0.0  0.0
1.369999999999982  1152.170272977069  1152.8399448757923  267.8299573075815  267.8428913681523  0.0  0.0  0.0  0.0
1.3724999999999818  1153.5094227636068  1154.1790299920272  267.8040891864398  267.81702324701064  0.0  0.0  0.0  0.0
1.3749999999999818  1154.8484432095393  1155.5179857676567  267.7782210652981  267.79115512586895  0.0  0.0  0.0  0.0
1.3774999999999817  1156.187334314866  1156.8568122026807  267.7523529441564  267.76528700472727  0.0  0.0  0.0  0.0
1.3799999999999817  1157.5260960795868  1158.1955092970986  267.72648482301474  267.7394188835856  0.0  0.0  0.0  0.0
1.3824999999999816  1158.8647285037018  1159.5340770509108  267.70061670187306  267.7135507624439  0.0  0.0  0.0  0.0
1.3849999999999816  1160.2032315872111  1160.8725154641172  267.6747485807314  267.6876826413022  0.0  0.0  0.0  0.0
1.3874999999999815  1161.5416053301146  1162.2108245367178  267.6488804595897  267.66181452016053  0.0  0.0  0.0  0.0
1.3899999999999815  1162.8798497324124  1163.5490042687127  267.623012338448  267.63594639901885  0.0  0.0  0.0  0.0
1.3924999999999814  1164.2179647941048  1164.8870546601024  267.5971442173063  267.61007827787716  0.0  0.0  0.0  0.0
1.3949999999999814  1165.5559505151914  1166.2249757108862  267.57127609616464  267.5842101567355  0.0  0.0  0.0  0.0
1.3974999999999813  1166.8938068956722  1167.562767421064  267.54540797502295  267.5583420355938  0.0  0.0  0.0  0.0
1.3999999999999813  1168.2315339355473  1168.9004297906363  267.51953985388127  267.5324739144521  0.0  0.0  0.0  0.0
1.4024999999999812  1169.5691316348166  1170.2379628196027  267.4936717327396  267.5066057933104  0.0  0.0  0.0  0.0
1.4049999999999812  1170.90659999348  1171.5753665079633  267.4678036115979  267.48073767216874  0.0  0.0  0.0  0.0
1.407499999999981  1172.2439390115383  1172.9126408557188  267.4419354904562  267.45486955102706  0.0  0.0  0.0  0.0
1.409999999999981  1173.5811486889907  1174.2497858628683  267.41606736931453  267.4290014298854  0.0  0.0  0.0  0.0
1.412499999999981  1174.9182290258373  1175.586801529412  267.39019924817285  267.4031333087437  0.0  0.0  0.0  0.0
1.414999999999981  1176.255180022078  1176.92368785535  267.36433112703116  267.377265187602  0.0  0.0  0.0  0.0
1.4174999999999809  1177.5920016777131  1178.260444840682  267.3384630058895  267.3513970664603  0.0  0.0  0.0  0.0
1.4199999999999808  1178.9286939927424  1179.5970724854085  267.3125948847478  267.32552894531864  0.0  0.0  0.0  0.0
1.4224999999999808  1180.2652569671664  1180.9335707895295  267.2867267636061  267.29966082417695  0.0  0.0  0.0  0.0
1.4249999999999807  1181.6016906009845  1182.269939753045  267.2608586424644  267.27379270303527  0.0  0.0  0.0  0.0
1.4274999999999807  1182.937994894197  1183.6061793759545  267.23499052132274  267.2479245818936  0.0  0.0  0.0  0.0
1.4299999999999806  1184.2741698468035  1184.9422896582582  267.20912240018106  267.2220564607519  0.0  0.0  0.0  0.0
1.4324999999999806  1185.6102154588043  1186.2782705999562  267.1832542790394  267.1961883396102  0.0  0.0  0.0  0.0
1.4349999999999805  1186.9461317301993  1187.6141222010483  267.1573861578977  267.17032021846853  0.0  0.0  0.0  0.0
1.4374999999999805  1188.281918660989  1188.9498444615351  267.131518036756  267.14445209732685  0.0  0.0  0.0  0.0
1.4399999999999804  1189.617576251173  1190.2854373814164  267.1056499156143  267.11858397618516  0.0  0.0  0.0  0.0
1.4424999999999804  1190.9531045007511  1191.6209009606916  267.07978179447264  267.0927158550435  0.0  0.0  0.0  0.0
1.4449999999999803  1192.2885034097235  1192.9562351993611  267.05391367333095  267.0668477339018  0.0  0.0  0.0  0.0
1.4474999999999802  1193.62377297809  1194.2914400974248  267.02804555218927  267.0409796127601  0.0  0.0  0.0  0.0
1.4499999999999802  1194.9589132058509  1195.6265156548827  267.0021774310476  267.0151114916184  0.0  0.0  0.0  0.0
1.4524999999999801  1196.293924093006  1196.9614618717349  266.9763093099059  266.98924337047674  0.0  0.0  0.0  0.0
1.45499999999998  1197.6288056395556  1198.296278747982  266.9504411887642  266.96337524933506  0.0  0.0  0.0  0.0
1.45749999999998  1198.9635578454995  1199.630966283623  266.92457306762253  266.9375071281934  0.0  0.0  0.0  0.0
1.45999999999998  1200.2981807108376  1200.9655244786582  266.89870494648085  266.9116390070517  0.0  0.0  0.0  0.0
1.46249999999998  1201.63267423557  1202.2999533330876  266.87283682533916  266.88577088591  0.0  0.0  0.0  0.0
1.4649999999999799  1202.9670384196966  1203.6342528469113  266.8469687041975  266.8599027647683  0.0  0.0  0.0  0.0
1.4674999999999798  1204.3012732632174  1204.9684230201292  266.8211005830558  266.83403464362664  0.0  0.0  0.0  0.0
1.4699999999999798  1205.6353787661328  1206.302463852742  266.7952324619141  266.80816652248495  0.0  0.0  0.0  0.0
1.4724999999999797  1206.9693549284425  1207.6363753447488  266.7693643407724  266.78229840134327  0.0  0.0  0.0  0.0
1.4749999999999797  1208.3032017501464  1208.9701574961498  266.74349621963074  266.7564302802016  0.0  0.0  0.0  0.0
1.4774999999999796  1209.6369192312445  1210.303810306945  266.71762809848906  266.7305621590599  0.0  0.0  0.0  0.0
1.4799999999999796  1210.9705073717369  1211.6373337771345  266.6917599773474  266.7046940379182  0.0  0.0  0.0  0.0
1.4824999999999795  1212.3039661716234  1212.9707279067181  266.6658918562057  266.67882591677653  0.0  0.0  0.0  0.0
1.4849999999999794  1213.6372956309046  1214.3039926956965  266.640023735064  266.65295779563485  0.0  0.0  0.0  0.0
1.4874999999999794  1214.97049574958  1215.6371281440693  266.6141556139223  266.62708967449316  0.0  0.0  0.0  0.0
1.4899999999999793  1216.3035665276498  1216.970134251836  266.58828749278064  266.6012215533515  0.0  0.0  0.0  0.0
1.4924999999999793  1217.6365079651137  1218.303011018997  266.56241937163895  266.5753534322098  0.0  0.0  0.0  0.0
1.4949999999999792  1218.9693200619718  1219.6357584455523  266.53655125049727  266.5494853110681  0.0  0.0  0.0  0.0
1.4974999999999792  1220.302002818224  1220.9683765315017  266.5106831293556  266.5236171899264  0.0  0.0  0.0  0.0
1.4999999999999791  1221.634556233871  1222.3008652768458  266.4848150082139  266.49774906878474  0.0  0.0  0.0  0.0
1.502499999999979  1222.9669803089123  1223.6332246815844  266.4589468870722  266.47188094764306  0.0  0.0  0.0  0.0
1.504999999999979  1224.2992750433477  1224.965454745717  266.43307876593053  266.4460128265014  0.0  0.0  0.0  0.0
1.507499999999979  1225.6314404371774  1226.2975554692437  266.40721064478885  266.4201447053597  0.0  0.0  0.0  0.0
1.509999999999979  1226.9634764904013  1227.6295268521646  266.38134252364716  266.394276584218  0.0  0.0  0.0  0.0
1.5124999999999789  1228.2953832030194  1228.9613688944798  266.3554744025055  266.3684084630763  0.0  0.0  0.0  0.0
1.5149999999999788  1229.6271605750317  1230.2930815961893  266.3296062813638  266.34254034193464  0.0  0.0  0.0  0.0
1.5174999999999788  1230.9588086064387  1231.6246649572936  266.3037381602221  266.31667222079295  0.0  0.0  0.0  0.0
1.5199999999999787  1232.2903272972399  1232.956118977792  266.2778700390804  266.29080409965127  0.0  0.0  0.0  0.0
1.5224999999999786  1233.6217166474353  1234.2874436576844  266.25200191793874  266.2649359785096  0.0  0.0  0.0  0.0
1.5249999999999786  1234.952976657025  1235.6186389969712  266.22613379679706  266.2390678573679  0.0  0.0  0.0  0.0
1.5274999999999785  1236.2841073260088  1236.9497049956522  266.2002656756554  266.2131997362262  0.0  0.0  0.0  0.0
1.5299999999999785  1237.6151086543869  1238.2806416537273  266.1743975545137  266.18733161508453  0.0  0.0  0.0  0.0
1.5324999999999784  1238.9459806421596  1239.6114489711974  266.148529433372  266.16146349394285  0.0  0.0  0.0  0.0
1.5349999999999784  1240.2767232893266  1240.9421269480615  266.1226613122303  266.13559537280116  0.0  0.0  0.0  0.0
1.5374999999999783  1241.6073365958878  1242.2726755843198  266.09679319108864  266.1097272516595  0.0  0.0  0.0  0.0
1.5399999999999783  1242.9378205618432  1243.6030948799723  266.07092506994695  266.0838591305178  0.0  0.0  0.0  0.0
1.5424999999999782  1244.2681751871928  1244.933384835019  266.04505694880527  266.0579910093761  0.0  0.0  0.0  0.0
1.5449999999999782  1245.5984004719367  1246.26354544946  266.0191888276636  266.0321228882344  0.0  0.0  0.0  0.0
1.5474999999999781  1246.9284964160752  1247.5935767232957  265.9933207065219  266.00625476709274  0.0  0.0  0.0  0.0
1.549999999999978  1248.258463019608  1248.9234786565257  265.9674525853802  265.98038664595106  0.0  0.0  0.0  0.0
1.552499999999978  1249.5883002825349  1250.2532512491498  265.94158446423853  265.9545185248094  0.0  0.0  0.0  0.0
1.554999999999978  1250.918008204856  1251.582894501168  265.91571634309685  265.9286504036677  0.0  0.0  0.0  0.0
1.557499999999978  1252.2475867865714  1252.9124084125806  265.88984822195516  265.902782282526  0.0  0.0  0.0  0.0
1.5599999999999778  1253.577036027681  1254.2417929833873  265.8639801008135  265.8769141613843  0.0  0.0  0.0  0.0
1.5624999999999778  1254.9063559281853  1255.5710482135887  265.8381119796718  265.85104604024264  0.0  0.0  0.0  0.0
1.5649999999999777  1256.2355464880839  1256.9001741031846  265.8122438585301  265.82517791910095  0.0  0.0  0.0  0.0
1.5674999999999777  1257.5646077073766  1258.2291706521744  265.7863757373884  265.79930979795927  0.0  0.0  0.0  0.0
1.5699999999999776  1258.8935395860635  1259.5580378605584  265.76050761624674  265.7734416768176  0.0  0.0  0.0  0.0
1.5724999999999776  1260.2223421241447  1260.8867757283367  265.73463949510506  265.7475735556759  0.0  0.0  0.0  0.0
1.5749999999999775  1261.55101532162  1262.2153842555092  265.7087713739634  265.7217054345342  0.0  0.0  0.0  0.0
1.5774999999999775  1262.8795591784897  1263.543863442076  265.6829032528217  265.69583731339253  0.0  0.0  0.0  0.0
1.5799999999999774  1264.207973694754  1264.8722132880375  265.65703513168  265.66996919225085  0.0  0.0  0.0  0.0
1.5824999999999774  1265.5362588704124  1266.2004337933931  265.6311670105383  265.64410107110916  0.0  0.0  0.0  0.0
1.5849999999999773  1266.8644147054652  1267.528524958143  265.60529888939664  265.6182329499675  0.0  0.0  0.0  0.0
1.5874999999999773  1268.192441199912  1268.856486782287  265.57943076825495  265.5923648288258  0.0  0.0  0.0  0.0
1.5899999999999772  1269.5203383537532  1270.1843192658253  265.55356264711327  265.5664967076841  0.0  0.0  0.0  0.0
1.5924999999999772  1270.8481061669886  1271.5120224087577  265.5276945259716  265.5406285865424  0.0  0.0  0.0  0.0
1.594999999999977  1272.1757446396186  1272.839596211085  265.5018264048299  265.51476046540074  0.0  0.0  0.0  0.0
1.597499999999977  1273.503253771643  1274.1670406728065  265.4759582836882  265.48889234425906  0.0  0.0  0.0  0.0
1.599999999999977  1274.8306335630614  1275.494355793922  265.45009016254653  265.4630242231174  0.0  0.0  0.0  0.0
1.602499999999977  1276.157884013874  1276.8215415744319  265.42422204140485  265.4371561019757  0.0  0.0  0.0  0.0
1.604999999999977  1277.485005124081  1278.148598014336  265.39835392026316  265.411287980834  0.0  0.0  0.0  0.0
1.6074999999999768  1278.8119968936821  1279.4755251136341  265.3724857991215  265.3854198596923  0.0  0.0  0.0  0.0
1.6099999999999768  1280.138859322678  1280.802322872327  265.3466176779798  265.35955173855064  0.0  0.0  0.0  0.0
1.6124999999999767  1281.465592411068  1282.1289912904144  265.3207495568381  265.33368361740895  0.0  0.0  0.0  0.0
1.6149999999999767  1282.7921961588522  1283.4555303678958  265.2948814356964  265.30781549626727  0.0  0.0  0.0  0.0
1.6174999999999766  1284.1186705660307  1284.7819401047714  265.26901331455474  265.2819473751256  0.0  0.0  0.0  0.0
1.6199999999999766  1285.4450156326034  1286.1082205010412  265.24314519341306  265.2560792539839  0.0  0.0  0.0  0.0
1.6224999999999765  1286.7712313585703  1287.4343715567052  265.2172770722714  265.2302111328422  0.0  0.0  0.0  0.0
1.6249999999999765  1288.0973177439319  1288.7603932717639  265.1914089511297  265.20434301170053  0.0  0.0  0.0  0.0
1.6274999999999764  1289.4232747886876  1290.086285646217  265.165540829988  265.17847489055885  0.0  0.0  0.0  0.0
1.6299999999999764  1290.7491024928377  1291.4120486800641  265.1396727088463  265.15260676941716  0.0  0.0  0.0  0.0
1.6324999999999763  1292.074800856382  1292.7376823733055  265.11380458770464  265.1267386482755  0.0  0.0  0.0  0.0
1.6349999999999763  1293.4003698793204  1294.063186725941  265.08793646656295  265.1008705271338  0.0  0.0  0.0  0.0
1.6374999999999762  1294.725809561653  1295.3885617379708  265.06206834542127  265.0750024059921  0.0  0.0  0.0  0.0
1.6399999999999761  1296.05111990338  1296.7138074093948  265.0362002242796  265.0491342848504  0.0  0.0  0.0  0.0
1.642499999999976  1297.3763009045015  1298.0389237402137  265.0103321031379  265.02326616370874  0.0  0.0  0.0  0.0
1.644999999999976  1298.7013525650173  1299.3639107304266  264.9844639819962  264.99739804256706  0.0  0.0  0.0  0.0
1.647499999999976  1300.0262748849273  1300.6887683800337  264.95859586085453  264.9715299214254  0.0  0.0  0.0  0.0
1.649999999999976  1301.3510678642315  1302.013496689035  264.93272773971285  264.9456618002837  0.0  0.0  0.0  0.0
1.6524999999999759  1302.67573150293  1303.3380956574306  264.90685961857116  264.919793679142  0.0  0.0  0.0  0.0
1.6549999999999758  1304.0002658010226  1304.6625652852204  264.8809914974295  264.8939255580003  0.0  0.0  0.0  0.0
1.6574999999999758  1305.32467075851  1305.986905572405  264.8551233762878  264.86805743685863  0.0  0.0  0.0  0.0
1.6599999999999757  1306.6489463753915  1307.3111165189837  264.8292552551461  264.84218931571695  0.0  0.0  0.0  0.0
1.6624999999999757  1307.9730926516672  1308.6351981249566  264.8033871340044  264.81632119457527  0.0  0.0  0.0  0.0
1.6649999999999756  1309.2971095873372  1309.9591503903237  264.77751901286274  264.7904530734336  0.0  0.0  0.0  0.0
1.6674999999999756  1310.6209971824014  1311.282973315085  264.75165089172106  264.7645849522919  0.0  0.0  0.0  0.0
1.6699999999999755  1311.9447554368599  1312.6066668992405  264.72578277057937  264.7387168311502  0.0  0.0  0.0  0.0
1.6724999999999755  1313.268384350713  1313.9302311427907  264.6999146494377  264.71284871000853  0.0  0.0  0.0  0.0
1.6749999999999754  1314.5918839239603  1315.2536660457354  264.674046528296  264.68698058886685  0.0  0.0  0.0  0.0
1.6774999999999753  1315.9152541566018  1316.576971608074  264.6481784071543  264.66111246772516  0.0  0.0  0.0  0.0
1.6799999999999753  1317.2384950486376  1317.9001478298069  264.62231028601263  264.6352443465835  0.0  0.0  0.0  0.0
1.6824999999999752  1318.5616066000675  1319.223194710934  264.59644216487095  264.6093762254418  0.0  0.0  0.0  0.0
1.6849999999999752  1319.8845888108917  1320.5461122514553  264.57057404372927  264.5835081043001  0.0  0.0  0.0  0.0
1.6874999999999751  1321.2074416811106  1321.8689004513712  264.5447059225876  264.5576399831584  0.0  0.0  0.0  0.0
1.689999999999975  1322.5301652107237  1323.1915593106817  264.5188378014459  264.53177186201674  0.0  0.0  0.0  0.0
1.692499999999975  1323.852759399731  1324.514088829386  264.4929696803042  264.50590374087506  0.0  0.0  0.0  0.0
1.694999999999975  1325.1752242481325  1325.8364890074847  264.46710155916253  264.48003561973337  0.0  0.0  0.0  0.0
1.697499999999975  1326.4975597559283  1327.1587598449776  264.44123343802084  264.4541674985917  0.0  0.0  0.0  0.0
1.6999999999999749  1327.8197659231182  1328.4809013418646  264.41536531687916  264.42829937745  0.0  0.0  0.0  0.0
1.7024999999999748  1329.1418427497024  1329.802913498146  264.3894971957375  264.4024312563083  0.0  0.0  0.0  0.0
1.7049999999999748  1330.4637902356812  1331.1247963138221  264.3636290745958  264.37656313516663  0.0  0.0  0.0  0.0
1.7074999999999747  1331.7856083810543  1332.4465497888923  264.3377609534541  264.35069501402495  0.0  0.0  0.0  0.0
1.7099999999999747  1333.1072971858216  1333.7681739233567  264.3118928323124  264.32482689288327  0.0  0.0  0.0  0.0
1.7124999999999746  1334.4288566499831  1335.0896687172153  264.28602471117074  264.2989587717416  0.0  0.0  0.0  0.0
1.7149999999999745  1335.7502867735388  1336.4110341704682  264.26015659002906  264.2730906505999  0.0  0.0  0.0  0.0
1.7174999999999745  1337.0715875564888  1337.7322702831152  264.23428846888737  264.2472225294582  0.0  0.0  0.0  0.0
1.7199999999999744  1338.3927589988334  1339.0533770551572  264.2084203477457  264.22135440831653  0.0  0.0  0.0  0.0
1.7224999999999744  1339.7138011005723  1340.3743544865931  264.182552226604  264.19548628717484  0.0  0.0  0.0  0.0
1.7249999999999743  1341.0347138617053  1341.6952025774233  264.1566841054623  264.16961816603316  0.0  0.0  0.0  0.0
1.7274999999999743  1342.3554972822326  1343.0159213276477  264.13081598432063  264.1437500448915  0.0  0.0  0.0  0.0
1.7299999999999742  1343.676151362154  1344.3365107372663  264.10494786317895  264.1178819237498  0.0  0.0  0.0  0.0
1.7324999999999742  1344.9966761014698  1345.656970806279  264.07907974203727  264.0920138026081  0.0  0.0  0.0  0.0
1.7349999999999741  1346.3170715001802  1346.9773015346866  264.0532116208956  264.0661456814664  0.0  0.0  0.0  0.0
1.737499999999974  1347.6373375582848  1348.2975029224885  264.0273434997539  264.04027756032474  0.0  0.0  0.0  0.0
1.739999999999974  1348.9574742757836  1349.6175749696845  264.0014753786122  264.01440943918305  0.0  0.0  0.0  0.0
1.742499999999974  1350.2774816526767  1350.9375176762746  263.97560725747053  263.98854131804137  0.0  0.0  0.0  0.0
1.744999999999974  1351.597359688964  1352.257331042259  263.94973913632884  263.9626731968997  0.0  0.0  0.0  0.0
1.7474999999999739  1352.9171083846454  1353.5770150676376  263.92387101518716  263.936805075758  0.0  0.0  0.0  0.0
1.7499999999999738  1354.2367277397216  1354.8965697524109  263.8980028940455  263.9109369546163  0.0  0.0  0.0  0.0
1.7524999999999737  1355.556217754192  1356.2159950965786  263.8721347729038  263.88506883347463  0.0  0.0  0.0  0.0
1.7549999999999737  1356.8755784280565  1357.5352911001403  263.8462666517621  263.85920071233295  0.0  0.0  0.0  0.0
1.7574999999999736  1358.1948097613154  1358.8544577630962  263.8203985306204  263.83333259119127  0.0  0.0  0.0  0.0
1.7599999999999736  1359.5139117539684  1360.1734950854463  263.79453040947874  263.8074644700496  0.0  0.0  0.0  0.0
1.7624999999999735  1360.8328844060156  1361.4924030671907  263.76866228833705  263.7815963489079  0.0  0.0  0.0  0.0
1.7649999999999735  1362.151727717457  1362.8111817083293  263.74279416719537  263.7557282277662  0.0  0.0  0.0  0.0
1.7674999999999734  1363.4704416882932  1364.1298310088628  263.7169260460537  263.7298601066245  0.0  0.0  0.0  0.0
1.7699999999999734  1364.7890263185236  1365.4483509687902  263.691057924912  263.70399198548284  0.0  0.0  0.0  0.0
1.7724999999999733  1366.1074816081482  1366.766741588112  263.6651898037703  263.67812386434116  0.0  0.0  0.0  0.0
1.7749999999999733  1367.425807557167  1368.0850028668278  263.63932168262863  263.6522557431995  0.0  0.0  0.0  0.0
1.7774999999999732  1368.74400416558  1369.403134804938  263.61345356148695  263.6263876220578  0.0  0.0  0.0  0.0
1.7799999999999732  1370.0620714333872  1370.7211374024423  263.58758544034526  263.6005195009161  0.0  0.0  0.0  0.0
1.782499999999973  1371.3800093605892  1372.0390106593416  263.5617173192036  263.5746513797744  0.0  0.0  0.0  0.0
1.784999999999973  1372.6978179471853  1373.3567545756348  263.5358491980619  263.54878325863274  0.0  0.0  0.0  0.0
1.787499999999973  1374.0154971931756  1374.6743691513223  263.5099810769202  263.52291513749105  0.0  0.0  0.0  0.0
1.789999999999973  1375.3330470985602  1375.991854386404  263.4841129557785  263.49704701634937  0.0  0.0  0.0  0.0
1.792499999999973  1376.650467663339  1377.3092102808798  263.45824483463684  263.4711788952077  0.0  0.0  0.0  0.0
1.7949999999999728  1377.967758887512  1378.62643683475  263.43237671349516  263.445310774066  0.0  0.0  0.0  0.0
1.7974999999999728  1379.2849207710797  1379.9435340480147  263.4065085923535  263.4194426529243  0.0  0.0  0.0  0.0
1.7999999999999727  1380.6019533140416  1381.260501920674  263.3806404712118  263.39357453178263  0.0  0.0  0.0  0.0
1.8024999999999727  1381.9188565163977  1382.5773404527272  263.3547723500701  263.36770641064095  0.0  0.0  0.0  0.0
1.8049999999999726  1383.235630378148  1383.8940496441746  263.3289042289284  263.34183828949926  0.0  0.0  0.0  0.0
1.8074999999999726  1384.5522748992926  1385.2106294950163  263.30303610778674  263.3159701683576  0.0  0.0  0.0  0.0
1.8099999999999725  1385.8687900798313  1386.5270800052522  263.27716798664505  263.2901020472159  0.0  0.0  0.0  0.0
1.8124999999999725  1387.1851759197648  1387.8434011748827  263.25129986550337  263.2642339260742  0.0  0.0  0.0  0.0
1.8149999999999724  1388.5014324190925  1389.1595930039077  263.2254317443617  263.2383658049325  0.0  0.0  0.0  0.0
1.8174999999999724  1389.8175595778143  1390.4756554923267  263.19956362322  263.21249768379084  0.0  0.0  0.0  0.0
1.8199999999999723  1391.1335573959304  1391.79158864014  263.1736955020783  263.18662956264916  0.0  0.0  0.0  0.0
1.8224999999999723  1392.4494258734408  1393.1073924473474  263.14782738093663  263.1607614415075  0.0  0.0  0.0  0.0
1.8249999999999722  1393.7651650103453  1394.423066913949  263.12195925979495  263.1348933203658  0.0  0.0  0.0  0.0
1.8274999999999721  1395.080774806644  1395.7386120399449  263.09609113865326  263.1090251992241  0.0  0.0  0.0  0.0
1.829999999999972  1396.3962552623375  1397.0540278253357  263.0702230175116  263.0831570780824  0.0  0.0  0.0  0.0
1.832499999999972  1397.7116063774251  1398.3693142701204  263.0443548963699  263.05728895694074  0.0  0.0  0.0  0.0
1.834999999999972  1399.026828151907  1399.6844713742994  263.0184867752282  263.03142083579905  0.0  0.0  0.0  0.0
1.837499999999972  1400.341920585783  1400.9994991378726  262.9926186540865  263.00555271465737  0.0  0.0  0.0  0.0
1.8399999999999719  1401.6568836790534  1402.31439756084  262.96675053294484  262.9796845935157  0.0  0.0  0.0  0.0
1.8424999999999718  1402.971717431718  1403.6291666432016  262.94088241180316  262.953816472374  0.0  0.0  0.0  0.0
1.8449999999999718  1404.2864218437771  1404.9438063849582  262.9150142906615  262.9279483512323  0.0  0.0  0.0  0.0
1.8474999999999717  1405.6009969152306  1406.2583167861087  262.8891461695198  262.90208023009063  0.0  0.0  0.0  0.0
1.8499999999999717  1406.9154426460782  1407.5726978466535  262.8632780483781  262.87621210894895  0.0  0.0  0.0  0.0
1.8524999999999716  1408.22975903632  1408.8869495665924  262.8374099272364  262.85034398780726  0.0  0.0  0.0  0.0
1.8549999999999716  1409.5439460859561  1410.2010719459256  262.81154180609474  262.8244758666656  0.0  0.0  0.0  0.0
1.8574999999999715  1410.8580037949864  1411.515064984653  262.78567368495305  262.7986077455239  0.0  0.0  0.0  0.0
1.8599999999999715  1412.1719321634114  1412.828928682775  262.75980556381137  262.7727396243822  0.0  0.0  0.0  0.0
1.8624999999999714  1413.4857311912306  1414.1426630402916  262.7339374426697  262.7468715032405  0.0  0.0  0.0  0.0
1.8649999999999713  1414.799400878444  1415.4562680572021  262.708069321528  262.72100338209884  0.0  0.0  0.0  0.0
1.8674999999999713  1416.1129412250516  1416.7697437335069  262.6822012003863  262.69513526095716  0.0  0.0  0.0  0.0
1.8699999999999712  1417.4263522310534  1418.0830900692058  262.65633307924463  262.6692671398155  0.0  0.0  0.0  0.0
1.8724999999999712  1418.7396338964495  1419.396307064299  262.63046495810295  262.6433990186738  0.0  0.0  0.0  0.0
1.8749999999999711  1420.0527862212402  1420.7093947187868  262.60459683696126  262.6175308975321  0.0  0.0  0.0  0.0
1.877499999999971  1421.3658092054252  1422.0223530326691  262.5787287158196  262.5916627763904  0.0  0.0  0.0  0.0
1.879999999999971  1422.6787028490044  1423.3351820059454  262.5528605946779  262.56579465524874  0.0  0.0  0.0  0.0
1.882499999999971  1423.9914671519778  1424.647881638616  262.5269924735362  262.53992653410705  0.0  0.0  0.0  0.0
1.884999999999971  1425.3041021143454  1425.9604519306806  262.5011243523945  262.51405841296537  0.0  0.0  0.0  0.0
1.8874999999999709  1426.6166077361072  1427.2728928821396  262.47525623125284  262.4881902918237  0.0  0.0  0.0  0.0
1.8899999999999708  1427.9289840172632  1428.5852044929927  262.44938811011116  262.462322170682  0.0  0.0  0.0  0.0
1.8924999999999708  1429.241230957814  1429.8973867632408  262.4235199889695  262.4364540495403  0.0  0.0  0.0  0.0
1.8949999999999707  1430.553348557759  1431.2094396928828  262.3976518678278  262.41058592839863  0.0  0.0  0.0  0.0
1.8974999999999707  1431.865336817098  1432.521363281919  262.3717837466861  262.38471780725695  0.0  0.0  0.0  0.0
1.8999999999999706  1433.1771957358314  1433.8331575303496  262.3459156255444  262.35884968611526  0.0  0.0  0.0  0.0
1.9024999999999705  1434.488925313959  1435.1448224381743  262.32004750440274  262.3329815649736  0.0  0.0  0.0  0.0
1.9049999999999705  1435.8005255514809  1436.4563580053932  262.29417938326105  262.3071134438319  0.0  0.0  0.0  0.0
1.9074999999999704  1437.1119964483973  1437.767764232007  262.26831126211937  262.2812453226902  0.0  0.0  0.0  0.0
1.9099999999999704  1438.423338004708  1439.0790411180149  262.2424431409777  262.2553772015485  0.0  0.0  0.0  0.0
1.9124999999999703  1439.734550220413  1440.390188663417  262.216575019836  262.22950908040684  0.0  0.0  0.0  0.0
1.9149999999999703  1441.0456330955121  1441.7012068682131  262.1907068986943  262.20364095926516  0.0  0.0  0.0  0.0
1.9174999999999702  1442.3565866300055  1443.0120957324036  262.16483877755263  262.1777728381235  0.0  0.0  0.0  0.0
1.9199999999999702  1443.667410823893  1444.3228552559883  262.13897065641095  262.1519047169818  0.0  0.0  0.0  0.0
1.9224999999999701  1444.9781056771753  1445.6334854389677  262.11310253526926  262.1260365958401  0.0  0.0  0.0  0.0
1.92499999999997  1446.2886711898518  1446.9439862813415  262.0872344141276  262.1001684746984  0.0  0.0  0.0  0.0
1.92749999999997  1447.5991073619225  1448.2543577831093  262.0613662929859  262.07430035355674  0.0  0.0  0.0  0.0
1.92999999999997  1448.9094141933874  1449.5645999442713  262.0354981718442  262.04843223241505  0.0  0.0  0.0  0.0
1.93249999999997  1450.2195916842466  1450.8747127648276  262.0096300507025  262.02256411127337  0.0  0.0  0.0  0.0
1.9349999999999699  1451.5296398345  1452.184696244778  261.98376192956084  261.9966959901317  0.0  0.0  0.0  0.0
1.9374999999999698  1452.839558644148  1453.4945503841232  261.95789380841916  261.97082786899  0.0  0.0  0.0  0.0
1.9399999999999697  1454.1493481131902  1454.8042751828627  261.9320256872775  261.9449597478483  0.0  0.0  0.0  0.0
1.9424999999999697  1455.4590082416266  1456.1138706409963  261.9061575661358  261.91909162670663  0.0  0.0  0.0  0.0
1.9449999999999696  1456.7685390294573  1457.423336758524  261.8802894449941  261.89322350556495  0.0  0.0  0.0  0.0
1.9474999999999696  1458.0779404766822  1458.732673535446  261.8544213238524  261.86735538442326  0.0  0.0  0.0  0.0
1.9499999999999695  1459.3872125833013  1460.0418809717623  261.82855320271074  261.8414872632816  0.0  0.0  0.0  0.0
1.9524999999999695  1460.6963553493147  1461.3509590674728  261.80268508156905  261.8156191421399  0.0  0.0  0.0  0.0
1.9549999999999694  1462.0053687747227  1462.6599078225781  261.77681696042737  261.7897510209982  0.0  0.0  0.0  0.0
1.9574999999999694  1463.314252859525  1463.9687272370775  261.7509488392857  261.7638828998565  0.0  0.0  0.0  0.0
1.9599999999999693  1464.6230076037214  1465.277417310971  261.725080718144  261.73801477871484  0.0  0.0  0.0  0.0
1.9624999999999693  1465.931633007312  1466.5859780442588  261.6992125970023  261.71214665757316  0.0  0.0  0.0  0.0
1.9649999999999692  1467.240129070297  1467.8944094369408  261.67334447586063  261.6862785364315  0.0  0.0  0.0  0.0
1.9674999999999692  1468.548495792676  1469.202711489017  261.64747635471895  261.6604104152898  0.0  0.0  0.0  0.0
1.969999999999969  1469.8567331744498  1470.5108842004881  261.62160823357726  261.6345422941481  0.0  0.0  0.0  0.0
1.972499999999969  1471.1648412156178  1471.8189275713532  261.5957401124356  261.6086741730064  0.0  0.0  0.0  0.0
1.974999999999969  1472.47281991618  1473.1268416016126  261.5698719912939  261.58280605186474  0.0  0.0  0.0  0.0
1.977499999999969  1473.7806692761365  1474.434626291266  261.5440038701522  261.55693793072305  0.0  0.0  0.0  0.0
1.979999999999969  1475.088389295487  1475.7422816403139  261.5181357490105  261.53106980958137  0.0  0.0  0.0  0.0
1.9824999999999688  1476.395979974232  1477.0498076487559  261.49226762786884  261.5052016884397  0.0  0.0  0.0  0.0
1.9849999999999688  1477.7034413123715  1478.3572043165925  261.46639950672716  261.479333567298  0.0  0.0  0.0  0.0
1.9874999999999687  1479.0107733099053  1479.6644716438236  261.4405313855855  261.4534654461563  0.0  0.0  0.0  0.0
1.9899999999999687  1480.3179759668333  1480.9716096304487  261.4146632644438  261.42759732501463  0.0  0.0  0.0  0.0
1.9924999999999686  1481.6250492831555  1482.278618276468  261.3887951433021  261.40172920387295  0.0  0.0  0.0  0.0
1.9949999999999686  1482.931993258872  1483.5854975818816  261.3629270221604  261.37586108273126  0.0  0.0  0.0  0.0
1.9974999999999685  1484.2388078939825  1484.8922475466893  261.33705890101874  261.3499929615896  0.0  0.0  0.0  0.0
1.9999999999999685  1485.5454931884879  1486.1988681708917  261.31119077987705  261.3241248404479  0.0  0.0  0.0  0.0
2.0  1486.1987711654458  1486.852081477547  261.29825671930604  261.3111907798769  0.0  0.0  0.0  0.0
