0.004803921568627451  2881.948014610741  2882.0640073053705  -24.211988107686388  -24.178037386287567  355.080179569664  355.4103094504562  -68.58552820875475  -68.5398018951402
0.009796910429920497  2881.7062342368786  2881.82712442381  -24.279841943840644  -24.245891222441823  354.39503378179603  354.7379611022463  -68.49413970023112  -68.44841338661656
0.014789918884943114  2881.463775324654  2881.585004780766  -24.34769591303915  -24.31374519164033  353.7107998962202  354.05327027502375  -68.40275101251767  -68.35702469890312
0.01978294682452309  2881.2206378727374  2881.3422065986956  -24.41555001454061  -24.38159929314179  353.02747792577605  353.369491362032  -68.31136214661282  -68.26563583299827
0.02477599414039789  2880.976821879806  2881.0987298762716  -24.483404247609908  -24.449453526211087  352.3450678832012  352.68662437601364  -68.21997310350667  -68.17424678989212
0.02976906072520459  2880.732327344544  2880.854574612175  -24.551258611518033  -24.517307890119213  351.66356978113214  352.0046693296102  -68.12858388418108  -68.08285757056653
0.03476214647246993  2880.4871542656424  2880.609740805093  -24.61911310554202  -24.5851623841432  350.98298363210586  351.32362623536346  -68.03719448960977  -67.99146817599522
0.03975525127660051  2880.241302641801  2880.364228453722  -24.68696772896487  -24.65301700756605  350.3033094485603  350.6434951057164  -67.94580492075842  -67.90007860714387
0.04474837503287314  2879.9947724717254  2880.1180375567633  -24.7548224810755  -24.72087175967668  349.62454724283566  349.9642759530142  -67.85441517858474  -67.8086888649702
0.04974151763742529  2879.747563754129  2879.871168112927  -24.822677361168665  -24.788726639769845  348.9466970271757  349.28596878950515  -67.7630252640386  -67.71729895042405
0.05473467898724569  2879.499676487731  2879.62362012093  -24.890532368544907  -24.856581647146086  348.26975881372823  348.6085736273422  -67.67163517806206  -67.62590886444751
0.05972785898016506  2879.2511106712595  2879.3753935794953  -24.95838750251048  -24.92443678111166  347.59373261454675  347.9320904785833  -67.58024492158948  -67.53451860797493
0.06472105751484696  2879.0018663034484  2879.126488487354  -25.026242762377297  -24.992292040978477  346.9186184415909  347.25651935519295  -67.48885449554761  -67.44312818193306
0.06971427449077874  2878.751943383039  2878.8769048432437  -25.094098147462862  -25.06014742606404  346.2444163067279  346.581860269043  -67.39746390085567  -67.35173758724112
0.0747075098082627  2878.5013419087786  2878.6266426459088  -25.161953657090212  -25.12800293569139  345.5711262217331  345.9081132319134  -67.3060731384254  -67.26034682481085
0.07970076336840722  2878.2500618794215  2878.3757018941  -25.22980929058786  -25.19585856918904  344.89874819829123  345.23527825549354  -67.21468220916123  -67.16895589554667
0.08469403507311814  2877.99810329373  2878.1240825865757  -25.29766504728973  -25.26371432589091  344.2272822479974  344.563355351383  -67.12329111396022  -67.07756480034567
0.08968732482509023  2877.745466150471  2877.8717847221005  -25.36552092653511  -25.331570205136288  343.5567283823577  343.8923445310926  -67.03189985371226  -66.98617354009771
0.09468063252779874  2877.4921504484196  2877.6188082994454  -25.433376927668576  -25.399426206269755  342.8870866127904  343.22224580604495  -66.94050842930011  -66.89478211568556
0.09967395808549102  2877.238156186357  2877.3651533173884  -25.50123305003996  -25.46728232864114  342.2183569506271  342.5530591875759  -66.84911684159944  -66.80339052798489
0.10466730140317841  2876.9834833630707  2877.110819774714  -25.569089293004275  -25.535138571605454  341.55053940711286  341.8847846869353  -66.75772509147895  -66.7119987778644
0.10966066238662804  2876.728131977354  2876.8558076702125  -25.636945655921664  -25.602994934522844  340.8836339934079  341.21742231528754  -66.66633317980042  -66.62060686618587
0.1146540409423549  2876.472102028009  2876.6001170026816  -25.70480213815735  -25.67085141675853  340.217640720588  340.5509720837128  -66.5749411074188  -66.52921479380424
0.11964743697761393  2876.2153935138417  2876.3437477709253  -25.77265873908158  -25.73870801768276  339.5525595996456  339.8854340032077  -66.48354887518227  -66.43782256156771
0.1246408504003922  2875.9580064336647  2876.086699973753  -25.840515458069575  -25.806564736670754  338.88839064149045  339.2208080846865  -66.3921564839323  -66.34643017031775
0.12963428111940128  2875.699940786298  2875.8289736099814  -25.908372294501472  -25.87442157310265  338.2251338569508  338.5570943389814  -66.30076393450375  -66.2550376208892
0.13462772904406964  2875.441196570567  2875.5705686784327  -25.97622924776228  -25.94227852636346  337.56278925677367  337.89429277684394  -66.20937122772493  -66.16364491411038
0.1396211940845351  2875.181773785304  2875.3114851779355  -26.04408631724182  -26.010135595842996  336.90135685162625  337.2324034089453  -66.11797836441765  -66.0722520508031
0.14461467615163753  2874.921672429345  2875.0517231073245  -26.111943502334682  -26.077992780935862  336.24083665209645  336.5714262458775  -66.02658534539731  -65.98085903178276
0.14960817515691155  2874.6608925015357  2874.7912824654404  -26.179800802440173  -26.145850081041353  335.58122866869365  335.91136129815413  -65.93519217147293  -65.88946585785838
0.15460169101257923  2874.3994340007253  2874.5301632511305  -26.247658216962268  -26.213707495563447  334.9225329118496  335.252208576211  -65.84379884344729  -65.79807252983274
0.15959522363154313  2874.1372969257695  2874.2683654632474  -26.31551574530956  -26.28156502391074  334.26474939191917  334.5939680904069  -65.75240536211689  -65.70667904850234
0.1645887729273792  2873.874481275531  2874.00588910065  -26.383373386895222  -26.3494226654964  333.6078781191811  333.9366398510248  -65.66101172827211  -65.61528541465756
0.16958233881432985  2873.610987048876  2873.7427341622033  -26.451231141136944  -26.417280419738123  332.95191910383886  333.28022386827195  -65.56961794269723  -65.52389162908268
0.17457592120729717  2873.3468142446786  2873.478900646777  -26.519089007456902  -26.48513828605808  332.2968723560212  332.62472015228116  -65.47822400617049  -65.43249769255594
0.17956952002183615  2873.081962861818  2873.214388553248  -26.5869469852817  -26.55299626388288  331.6427378857831  331.9701287131113  -65.38682991946416  -65.34110360584961
0.184563135174148  2872.8164328991793  2872.9491978804986  -26.654805074042333  -26.620854352643512  330.98951570310635  331.31644956074814  -65.2954356833446  -65.24970936973006
0.1895567665810736  2872.5502243556525  2872.683328627416  -26.72266327317414  -26.688712551775318  330.33720581790044  330.6636827051049  -65.20404129857235  -65.1583149849578
0.194550414160087  2872.283337230135  2872.416780792894  -26.790521582116753  -26.756570860717932  329.68580824000315  330.0118281560232  -65.1126467659021  -65.06692045228755
0.19954407782928904  2872.0157715215278  2872.1495543758315  -26.85838000031407  -26.82442927891525  329.0353229791813  329.3608859232737  -65.02125208608284  -64.97552577246829
0.20453775750740097  2871.747527228739  2871.8816493751333  -26.926238527214196  -26.892287805815375  328.38575004513126  328.71085601655665  -64.9298572598579  -64.88413094624335
0.20953145311375823  2871.4786043506806  2871.6130657897097  -26.994097162269405  -26.960146440870584  327.73708944748006  328.06173844550267  -64.83846228796496  -64.7927359743504
0.21452516456830426  2871.2090028862717  2871.343803618476  -27.061955904936102  -27.02800518353728  327.0893411957858  327.4135332196736  -64.74706717113618  -64.70134085752163
0.2195188917915844  2870.9387228344362  2871.073862860354  -27.12981475467478  -27.09586403327596  326.44250529953814  326.76624034856286  -64.65567191009818  -64.60994559648363
0.22451263470473995  2870.6677641941037  2870.80324351427  -27.197673710949974  -27.163722989551154  325.79658176815934  326.11985984159634  -64.56427650557215  -64.5185501919576
0.2295063932295021  2870.396126964208  2870.531945579156  -27.26553277323023  -27.23158205183141  325.15157061100473  325.47439170813294  -64.47288095827388  -64.42715464465932
0.23450016728818615  2870.12381114369  2870.259969053949  -27.333391940988058  -27.299441219589237  324.50747183736337  324.8298359574654  -64.3814852689138  -64.33575895529926
0.2394939568036857  2869.8508167314944  2869.9873139375923  -27.401251213699894  -27.367300492301073  323.8642854564587  324.1861925988207  -64.2900894381971  -64.24436312458255
0.24448776169946693  2869.5771437265716  2869.713980229033  -27.46911059084606  -27.43515986944724  323.2220114774491  323.5434616413608  -64.19869346682367  -64.15296715320912
0.24948158189956285  2869.3027921278767  2869.439967927224  -27.536970071910734  -27.503019350511913  322.58064990942864  322.9016430941833  -64.10729735548826  -64.0615710418737
0.2544754173285679  2869.027761934372  2869.1652770311243  -27.604829656381895  -27.570878934983075  321.94020076142766  322.260736966322  -64.01590110488047  -63.970174791265926
0.2594692679116323  2868.7520531450223  2868.889907539697  -27.672689343751305  -27.638738622352484  321.3006640424133  321.6207432667476  -63.92450471568483  -63.87877840207028
0.26446313357445655  2868.475665758799  2868.6138594519107  -27.740549133514463  -27.706598412115643  320.66203976129026  320.98166200436805  -63.83310818858083  -63.78738187496628
0.2694570142432863  2868.1985997746783  2868.3371327667387  -27.808409025170562  -27.77445830377174  320.02432792690115  320.3434931880296  -63.741711524242966  -63.695985210628415
0.2744509098449066  2867.9208551916404  2868.0597274831593  -27.876269018222462  -27.842318296823642  319.3875285480273  319.70623682651694  -63.650314723340806  -63.604588409726254
0.2794448203066372  2867.642432008672  2867.7816436001563  -27.944129112176658  -27.910178390777837  318.75164163338934  319.06989292855394  -63.558917786539034  -63.51319147292448
0.2844387455563269  2867.363330224764  2867.502881116718  -28.011989306543228  -27.978038585144407  318.11666719164754  318.4344615028043  -63.467520714497496  -63.421794400882945
0.28943268552234874  2867.083549838913  2867.2234400318384  -28.079849600835818  -28.045898879436997  317.48260523140266  317.79994255787216  -63.376123507871235  -63.33039719425668
0.29442664013359465  2866.803090850118  2866.9433203445155  -28.147709994571592  -28.11375927317277  316.84945576119634  317.16633610230235  -63.284726167310545  -63.238999853695994
0.2994206093194706  2866.521953257387  2866.6625220537526  -28.215570487271208  -28.181619765872387  316.2172187895117  316.5336421445814  -63.19332869346104  -63.14760237984649
0.3044145930098918  2866.2401370597286  2866.3810451585578  -28.283431078458776  -28.249480357059955  315.58589432477396  315.90186069313756  -63.10193108696366  -63.05620477334911
0.3094085911352776  2865.957642256158  2866.0988896579433  -28.351291767661838  -28.317341046263017  314.9554823753507  315.2709917563419  -63.010533348454736  -62.964807034840184
0.3144026036265466  2865.674468845695  2865.8160555509266  -28.41915255441132  -28.3852018330125  314.32598294955284  314.64103534250836  -62.919135478566034  -62.87340916495148
0.3193966304151122  2865.3906168273647  2865.53254283653  -28.487013438241508  -28.453062716842688  313.6973960556347  314.0119914598946  -62.8277374779248  -62.78201116431025
0.32439067143287764  2865.1060862001964  2865.2483515137806  -28.554874418690016  -28.520923697291195  313.069721701795  313.38386011670235  -62.73633934715379  -62.690613033539236
0.32938472661223145  2864.8208769632233  2864.96348158171  -28.62273549529775  -28.58878477389893  312.44295989617694  312.756641321078  -62.644941086871334  -62.59921477325678
0.33437879588604275  2864.534989115484  2864.677933039354  -28.690596667608887  -28.656645946210066  311.817110646869  312.1303350811131  -62.55354269769136  -62.50781638407681
0.33937287918765685  2864.2484226560223  2864.3917058857533  -28.758457935170828  -28.724507213772007  311.1921739619053  311.50494140484494  -62.46214418022345  -62.416417866608896
0.3443669764508906  2863.9611775838844  2864.1048001199533  -28.82631929753418  -28.79236857613536  310.5681498492661  310.88046030025686  -62.37074553507286  -62.325019221458305
0.3493610876100281  2863.6732538981228  2863.8172157410036  -28.894180754252723  -28.860230032853902  309.94503831687837  310.25689177527875  -62.279346762840575  -62.233620449226024
0.3543552125998162  2863.3846515977943  2863.5289527479586  -28.96204230488338  -28.92809158348456  309.3228393726162  309.6342358377879  -62.18794786412336  -62.14222155050881
0.35934935135546037  2863.0953706819596  2863.240011139877  -29.029903948986185  -28.995953227587364  308.7015530243015  309.012492495609  -62.09654883951377  -62.05082252589922
0.36434350381262  2862.8054111496836  2862.9503909158216  -29.09776568612426  -29.063814964725438  308.08117927970403  308.391661756515  -62.00514968960022  -61.95942337598567
0.3693376699074045  2862.5147730000367  2862.66009207486  -29.165627515863772  -29.13167679446495  307.4617181465423  307.7717436282273  -61.91375041496701  -61.86802410135246
0.3743318495763692  2862.2234562320923  2862.3691146160645  -29.233489437773926  -29.199538716375105  306.84316963248375  307.1527381184163  -61.82235101619436  -61.77662470257981
0.37932604275651094  2861.931460844929  2862.0774585385107  -29.30135145142692  -29.2674007300281  306.22553374514547  306.53464523470194  -61.73095149385844  -61.68522518024389
0.38432024938526405  2861.638786837629  2861.785123841279  -29.36921355639793  -29.33526283499911  305.6088104920944  305.91746498465415  -61.63955184853144  -61.59382553491689
0.3893144694004964  2861.3454342092796  2861.4921105234544  -29.437075752265063  -29.403125030866242  304.9929998808479  305.3011973757932  -61.54815208078157  -61.50242576716702
0.39430870274050533  2861.051402958971  2861.198418584125  -29.504938038609353  -29.470987317210533  304.3781019188743  304.68584241559006  -61.456752191173116  -61.411025877558565
0.3993029493440138  2860.756693085799  2860.904048022385  -29.57280041501472  -29.538849693615898  303.76411661359305  304.0714001114673  -61.36535218026648  -61.319625866651926
0.4042972091501663  2860.4613045888623  2860.6089988373305  -29.640662881067943  -29.606712159669122  303.1510439723755  303.4578704707989  -61.273952048618185  -61.22822573500363
0.4092914820985253  2860.1652374672653  2860.313271028064  -29.70852543635864  -29.67457471495982  302.53888400254505  302.84525350091116  -61.18255179678096  -61.13682548316641
0.414285768129067  2859.868491720116  2860.0168645936906  -29.77638808047925  -29.74243735908043  301.92763671137766  302.2335492090828  -61.09115142530374  -61.04542511168919
0.4192800671821779  2859.571067346525  2859.7197795333204  -29.844250813024985  -29.810300091626164  301.3173021061023  301.6227576025456  -60.99975093473171  -60.954024621117156
0.42427437919865113  2859.272964345609  2859.422015846067  -29.91211363359382  -29.878162912195  300.70788019390153  301.01287868848465  -60.90835032560632  -60.86262401199177
0.4292687041196823  2858.9741827164876  2859.1235735310484  -29.979976541786463  -29.946025820387643  300.09937098191153  300.4039124740391  -60.81694959846536  -60.771223284850805
0.43426304188686643  2858.6747224582837  2858.8244525873856  -30.04783953720634  -30.01388881580752  299.49177447722275  299.79585896630203  -60.72554875384295  -60.6798224402284
0.4392573924421939  2858.374583570125  2858.5246530142044  -30.115702619459555  -30.081751898060734  298.8850906868803  299.1887181723212  -60.634147792269616  -60.588421478655064
0.4442517557280472  2858.0737660511445  2858.224174810635  -30.183565788154876  -30.149615066756056  298.2793196178843  298.5824900990995  -60.542746714272276  -60.497020400657725
0.4492461316871971  2857.7722699004767  2857.9230179758106  -30.25142904290371  -30.21747832150489  297.67446127719035  297.9771747535951  -60.45134552037431  -60.40561920675976
0.4542405202627995  2857.4700951172613  2857.621182508869  -30.319292383320075  -30.285341661921255  297.0705156717098  297.37277214272194  -60.35994421109557  -60.31421789748102
0.4592349213983917  2857.1672417006416  2857.3186684089515  -30.387155809020584  -30.353205087621763  296.4674828083102  296.76928227335026  -60.26854278695243  -60.22281647333788
0.46422933503788927  2856.8637096497655  2857.0154756752036  -30.455019319624412  -30.42106859822559  295.8653626938157  296.1667051523068  -60.17714124845779  -60.131414934843235
0.46922376112558234  2856.5594989637834  2856.7116043067745  -30.522882914753286  -30.488932193354465  295.2641553350074  295.5650407863752  -60.08573959612112  -60.04001328250657
0.47421819960613254  2856.2546096418496  2856.4070543028165  -30.590746594031447  -30.556795872632627  294.66386073862367  294.9642891822965  -59.99433783044852  -59.94861151683397
0.4792126504245697  2855.9490416831236  2856.1018256624866  -30.658610357085642  -30.62465963568682  294.0644789113606  294.3644503467693  -59.90293595194271  -59.85720963832816
0.48420711352628837  2855.642795086767  2855.7959183849453  -30.72647420354509  -30.69252348214627  293.4660098598724  293.7655242864501  -59.81153396110306  -59.76580764748851
0.48920158885704484  2855.3358698519455  2855.489332469356  -30.79433813304147  -30.76038741164265  292.8684535907715  293.16751100795426  -59.720131858425646  -59.674405544811094
0.4941960763629539  2855.028265977829  2855.1820679148873  -30.862202145208894  -30.828251423810073  292.2718101106293  292.57041051785535  -59.628729644403265  -59.58300333078871
0.49919057599048544  2854.719983463591  2854.87412472071  -30.93006623968388  -30.89611551828506  291.67607942597624  291.97422282268644  -59.53732731952546  -59.49160100591091
0.5041850876864619  2854.4110223084076  2854.565502885999  -30.99793041610535  -30.96397969470653  291.0812615433021  291.37894792893985  -59.445924884278554  -59.400198570664
0.5091796113980543  2854.101382511461  2854.2562024099343  -31.06579467411459  -31.031843952715768  290.4873564690567  290.78458584306765  -59.35452233914568  -59.30879602553113
0.5141741470727803  2853.791064071934  2853.9462232916976  -31.133659013355228  -31.099708291956407  289.8943642096499  290.1911365714821  -59.263119684606814  -59.21739337099226
0.5191686946585002  2853.480066989015  2853.6355655304747  -31.201523433473234  -31.167572712074413  289.302284771452  289.59860012055617  -59.171716921138774  -59.12599060752422
0.5241632541034147  2853.168391261894  2853.3242291254546  -31.26938793411688  -31.23543721271806  288.71111816079406  289.0069764966232  -59.08031404921528  -59.03458773560073
0.5291578253560612  2852.8560368897665  2853.0122140758303  -31.337252514936733  -31.303301793537912  288.1208643839685  288.416265705978  -58.98891106930698  -58.94318475569243
0.5341524083653114  2852.543003871831  2852.6995203807987  -31.40511717558562  -31.3711664541868  287.5315234472291  287.82646775487666  -58.897507981881446  -58.851781668266895
0.5391470030803687  2852.229292207289  2852.38614803956  -31.472981915718627  -31.439031194319806  286.9430953567914  287.2375826495371  -58.806104787403235  -58.760378473788684
0.5441416094507644  2851.9149018953453  2852.072097051317  -31.540846734993064  -31.506896013594243  286.35558011883313  286.64961039613934  -58.714701486333894  -58.66897517271934
0.5491362274263558  2851.599832935209  2851.7573674152773  -31.608711633068452  -31.57476091166963  285.7689777394944  286.0625510008259  -58.623298079131985  -58.57757176551743
0.554130856957323  2851.2840853260927  2851.441959130651  -31.67657660960651  -31.64262588820769  285.1832882248781  285.476404469702  -58.53189456625313  -58.48616825263858
0.5591254979941659  2850.96765906721  2851.1258721966515  -31.744441664271125  -31.710490942872305  284.5985115810501  284.89117080883574  -58.44049094815002  -58.39476463453547
0.5641201504877019  2850.6505541577812  2850.8091066124957  -31.81230679672834  -31.77835607532952  284.0146478140398  284.3068500242588  -58.34908722527244  -58.30336091165789
0.5691148143890632  2850.3327705970282  2850.4916623774047  -31.880172006646333  -31.846221285247513  283.4316969298401  283.7234421219663  -58.25768339806731  -58.211957084452756
0.5741094896496935  2850.0143083841754  2850.173539490602  -31.948037293695403  -31.914086572296583  282.8496589344079  283.1409471079175  -58.16627946697867  -58.12055315336412
0.5791041762213464  2849.6951675184523  2849.854737951314  -32.01590265754795  -31.981951936149127  282.2685338336643  282.5593649880358  -58.07487543244776  -58.02914911883321
0.5840988740560815  2849.3753479990905  2849.5352577587714  -32.08376809787844  -32.04981737647962  281.6883216334952  281.978695768209  -57.983471294913  -57.93774498129845
0.589093583106263  2849.054849825326  2849.2150989122083  -32.15163361436343  -32.117682892964616  281.10902233975105  281.39893945429003  -57.89206705481004  -57.84634074119549
0.5940883033245564  2848.7336729963968  2848.8942614108614  -32.21949920668152  -32.1855484852827  280.5306359582476  280.8200960520967  -57.800662712571764  -57.75493639895721
0.5990830346639262  2848.411817511544  2848.5727452539704  -32.287364874513315  -32.2534141531145  279.95316249476605  280.2421655674124  -57.70925826862832  -57.66353195501377
0.6040777770776334  2848.089283370013  2848.2505504407786  -32.35523061754146  -32.32127989614264  279.37660195505305  279.66514800598617  -57.61785372340715  -57.5721274097926
0.609072530519233  2847.766070571052  2847.9276769705325  -32.42309643545058  -32.389145714051764  278.80095434482155  279.0890433735328  -57.52644907733301  -57.48072276371846
0.6140672949425714  2847.4421791139116  2847.6041248424817  -32.4909623279273  -32.45701160652848  278.2262196697505  278.5138516757336  -57.435044330827985  -57.389318017213434
0.6190620703017842  2847.1176089978467  2847.279894055879  -32.55882829466018  -32.524877573261364  277.6523979354855  277.9395729182361  -57.34363948431151  -57.29791317069696
0.6240568565512936  2846.792360222114  2846.9549846099803  -32.62669433533975  -32.59274361394093  277.079489147639  277.36620710665494  -57.25223453820041  -57.20650822458586
0.6290516536458062  2846.466432785974  2846.629396504044  -32.694560449658454  -32.66060972825964  276.50749331179026  276.7937542465716  -57.16082949290891  -57.11510317929436
0.6340464615403103  2846.1398266886913  2846.3031297373327  -32.76242663731066  -32.728475915911844  275.9364104334862  276.2222143435349  -57.06942434884865  -57.0236980352341
0.6390412801900741  2845.8125419295325  2845.976184309112  -32.83029289799263  -32.79634217659381  275.3662405182411  275.6515874030613  -56.97801910642871  -56.93229279281416
0.6440361095506429  2845.4845785077664  2845.6485602186494  -32.89815923140251  -32.86420851000369  274.79698357153717  275.0818734306351  -56.886613766055646  -56.840887452441095
0.6490309495778371  2845.1559364226664  2845.3202574652164  -32.966025637240314  -32.9320749158415  274.22863959882477  274.51307243170845  -56.79520832813349  -56.74948201451894
0.6540258002277498  2844.8266156735076  2844.991276048087  -33.03389211520791  -32.999941393809095  273.66120860552246  273.94518441170237  -56.70380279306379  -56.658076479449235
0.6590206614567445  2844.4966162595697  2844.6616159665386  -33.101758665009  -33.067807943610184  273.0946905970176  273.3782093760058  -56.612397161245596  -56.566670847631045
0.6640155332214531  2844.1659381801333  2844.3312772198515  -33.16962528634911  -33.13567456495029  272.52908557866624  272.81214732997717  -56.52099143307554  -56.475265119460985
0.6690104154787735  2843.8345814344834  2844.0002598073083  -33.237491978935566  -33.20354125753675  271.9643935557937  272.2469982789436  -56.42958560894778  -56.38385929533323
0.6740053081858676  2843.502546021908  2843.6685637281957  -33.305358742477495  -33.27140802107868  271.4006145336946  271.6827622282016  -56.338179689254105  -56.29245337563955
0.679000211300159  2843.169831941697  2843.3361889818025  -33.37322557668579  -33.33927485528697  270.83774851763303  271.1194391830175  -56.246773674383874  -56.20104736076932
0.683995124779331  2842.836439193144  2843.0031355674205  -33.441092481273124  -33.40714175987431  270.2757955128431  270.5570291486271  -56.15536756472409  -56.10964125110954
0.6889900485813243  2842.5023677755457  2842.669403484345  -33.5089594559539  -33.47500873455508  269.7147555245288  269.99553213023665  -56.06396136065939  -56.01823504704484
0.6939849826643352  2842.1676176882006  2842.334992731873  -33.57682650044427  -33.54287577904545  269.1546285578646  269.4349481330222  -55.972555062572084  -55.92682874895753
0.6989799269868133  2841.83218893041  2841.9999033093054  -33.6446936144621  -33.61074289306328  268.59541461799546  268.8752771621308  -55.88114867084216  -55.83542235722761
0.7039748815074596  2841.4960815014797  2841.664135215945  -33.712560797726965  -33.67861007632815  268.03711371003703  268.31651922268003  -55.78974218584731  -55.74401587223276
0.7089698461852243  2841.159295400716  2841.327688451098  -33.78042804996013  -33.74647732856131  267.47972583907597  267.7586743197585  -55.69833560796294  -55.65260929434839
0.7139648209793049  2840.8218306274307  2840.9905630140734  -33.848295370884536  -33.81434464948572  266.9232510101702  267.2017424584259  -55.6069289375622  -55.56120262394765
0.7189598058491444  2840.483687180936  2840.6527589041834  -33.9161627602248  -33.88221203882598  266.3676892283491  266.6457236437135  -55.515522175016  -55.46979586140145
0.7239548007544292  2840.1448650605475  2840.314276120742  -33.984030217707186  -33.95007949630837  265.81304049861365  266.0906178806242  -55.42411532069302  -55.37838900707847
0.7289498056550867  2839.8053642655846  2839.975114663066  -34.0518977430596  -34.01794702166078  265.2593048259368  265.5364251741328  -55.33270837495973  -55.28698206134518
0.7339448205112843  2839.465184795368  2839.635274530476  -34.11976533601156  -34.085814614612744  264.7064822152635  264.98314552918606  -55.241301338180406  -55.195575024565855
0.7389398452834267  2839.1243266492215  2839.2947557222947  -34.18763299629422  -34.1536822748954  264.1545726715111  264.43077895070314  -55.149894210717164  -55.10416789710261
0.7439348799321545  2838.7827898264727  2838.953558237847  -34.25550072364032  -34.2215500022415  263.6035761995694  263.8793254435758  -55.05848699292996  -55.012760679315406
0.7489299244183418  2838.44057432645  2838.6116820764614  -34.32336851778419  -34.28941779638537  263.05349280430096  263.3287850126682  -54.96707968517659  -54.92135337156204
0.7539249787030952  2838.0976801484862  2838.269127237468  -34.391236378461734  -34.35728565706292  262.5043224905413  262.7791576628179  -54.87567228781277  -54.82994597419822
0.758920042747751  2837.7541072919153  2837.9258937202007  -34.45910430541043  -34.42515358401161  261.95606526309916  262.2304433988352  -54.78426480119207  -54.73853848757752
0.7639151165138742  2837.409855756075  2837.581981523995  -34.52697229836929  -34.49302157697047  261.4087211267565  261.6826422255039  -54.692857225666  -54.64713091205145
0.7689101999632562  2837.0649255403055  2837.2373906481903  -34.594840357078866  -34.56088963568005  260.8622900862689  261.1357541475815  -54.60144956158399  -54.55572324796944
0.773905293057913  2836.719316643949  2836.892121092127  -34.66270848128126  -34.62875775988244  260.31677214636574  260.58977916979893  -54.510041809293405  -54.46431549567885
0.778900395760084  2836.37302906635  2836.5461728551495  -34.730576670720055  -34.69662594932124  259.77216731175025  260.0447172968614  -54.41863396913958  -54.372907655525026
0.7838955080322295  2836.0260628068568  2836.1995459366035  -34.79844492514036  -34.76449420374154  259.2284755871  259.5005685334479  -54.32722604146582  -54.28149972785127
0.7888906298370297  2835.678417864819  2835.852240335838  -34.86631324428876  -34.832362522889945  258.6856969770667  258.9573328842121  -54.23581802661343  -54.19009171299888
0.7938857611373825  2835.3300942395904  2835.5042560522047  -34.93418162791334  -34.90023090651452  258.1438314862767  258.4150103537821  -54.14440992492172  -54.098683611307166
0.7988809018964018  2834.981091930525  2835.1555930850577  -35.00205007576363  -34.96809935436481  257.60287911933113  257.8736009467606  -54.053001736728014  -54.00727542311346
0.8038760520774162  2834.631410936981  2834.806251433753  -35.06991858759062  -35.035967866191804  257.062839880806  257.33310466772525  -53.96159346236769  -53.91586714875314
0.8088712116439669  2834.2810512583187  2834.45623109765  -35.13778716314676  -35.103836441747944  256.52371377525236  256.793521521229  -53.87018510217417  -53.82445878855962
0.8138663805598065  2833.9300128939017  2834.10553207611  -35.20565580218592  -35.171705080787106  255.98550080719664  256.25485151179987  -53.77877665647895  -53.733050342864395
0.8188615587888971  2833.578295843094  2833.754154368498  -35.2735245044634  -35.239573783064586  255.44820098114076  255.71709464394135  -53.6873681256116  -53.64164181199705
0.8238567462954086  2833.225900105264  2833.402097974179  -35.34139326973591  -35.30744254833709  254.91181430156223  255.1802509221327  -53.5959595098998  -53.55023319628525
0.8288519430437173  2832.872825679781  2833.0493628925224  -35.40926209776155  -35.37531137636273  254.37634077291446  254.64432035082896  -53.50455080966933  -53.45882449605478
0.8338471489984044  2832.5190725660173  2832.695949122899  -35.47713098829983  -35.44318026690101  253.84178039962686  254.1093029344612  -53.41314202524412  -53.36741571162957
0.8388423641242541  2832.1646407633484  2832.341856664683  -35.54499994111162  -35.5110492197128  253.30813318610504  253.57519867743662  -53.321733156946216  -53.276006843331665
0.8438375883862522  2831.8095302711513  2831.98708551725  -35.61286895595918  -35.57891823456036  252.775399136731  253.04200758413884  -53.23032420509583  -53.18459789148128
0.8488328217495849  2831.4537410888056  2831.6316356799784  -35.680738032606115  -35.6467873112073  252.2435782558633  252.50972965892805  -53.13891517001136  -53.09318885639681
0.8538280641796366  2831.097273215694  2831.2755071522497  -35.74860717081738  -35.71465644941856  251.71267054783718  251.97836490614108  -53.04750605200935  -53.0017797383948
0.8588233156419892  2830.7401266511993  2830.9186999334465  -35.816476370359275  -35.78252564896046  251.18267601696473  251.44791333009167  -52.95609685140458  -52.91037053779003
0.8638185761024199  2830.38230139471  2830.5612140229546  -35.88434563099942  -35.8503949096006  250.65359466753523  250.91837493507057  -52.86468756851002  -52.81896125489547
0.8688138455268999  2830.0237974456136  2830.2030494201617  -35.95221495250675  -35.91826423110793  250.1254265038151  250.38974972534587  -52.77327820363688  -52.727551890022326
0.8738091238815933  2829.664614803303  2829.844206124458  -36.020084334651514  -35.9861336132527  249.59817153004815  249.86203770516292  -52.681868757094584  -52.63614244348003
0.8788044111328551  2829.30475346717  2829.4846841352364  -36.087953777205264  -36.05400305580645  249.07182975045578  249.33523887874463  -52.590459229190834  -52.54473291557628
0.8837997072472306  2828.9442134366122  2829.124483451891  -36.15582327994083  -36.121872558542016  248.5464011692371  248.8093532502917  -52.49904962023159  -52.45332330661704
0.8887950121914527  2828.5829947110265  2828.7636040738194  -36.22369284263234  -36.18974212123352  248.02188579056912  248.28438082398267  -52.40763993052107  -52.36191361690652
0.8937903259324418  2828.221097289814  2828.4020460004203  -36.29156246505516  -36.25761174365634  247.49828361860682  247.7603216039741  -52.31623016036181  -52.27050384674726
0.8987856484373035  2827.858521172378  2828.039809231096  -36.35943214698594  -36.32548142558712  246.97559465748353  247.2371755944007  -52.22482031005463  -52.17909399644008
0.9037809796733275  2827.495266358122  2827.67689376525  -36.42730188820257  -36.393351166803754  246.45381891131078  246.71494279937568  -52.13341037989868  -52.087684066284126
0.9087763196079865  2827.1313328464544  2827.313299602288  -36.49517168848419  -36.461220967085374  245.93295638417868  246.19362322299057  -52.042000370191424  -51.99627405657687
0.9137716682089345  2826.7667206367837  2826.949026741619  -36.563041547611164  -36.52909082621235  245.41300708015604  245.67321686931564  -51.95059028122868  -51.904863967614126
0.9187670254440056  2826.4014297285216  2826.5840751826527  -36.630911465365074  -36.59696074396626  244.8939710032904  245.15372374240005  -51.85918011330461  -51.81345379969006
0.9237623912812124  2826.0354601210815  2826.2184449248016  -36.69878144152873  -36.66483072012991  244.3758481576084  244.63514384627175  -51.76776986671175  -51.7220435530972
0.9287577656887451  2825.6688118138804  2825.852135967481  -36.766651475886135  -36.73270075448732  243.8586385471157  244.11747718493797  -51.67635954174101  -51.630633228126456
0.93375314863497  2825.3014848063353  2825.485148310108  -36.83452156822249  -36.800570846823675  243.34234217579728  243.60072376238512  -51.58494913868168  -51.53922282506713
0.9387485400884282  2824.933479097867  2825.117481952101  -36.90239171832419  -36.86844099692537  242.8269590476175  243.08488358257907  -51.49353865782147  -51.447812344206916
0.9437439400178341  2824.5647946878976  2824.7491368928822  -36.9702619259788  -36.93631120457998  242.31248916652032  242.56995664946515  -51.402128099446486  -51.356401785831935
0.9487393483920746  2824.1954315758517  2824.3801131318746  -37.03813219097505  -37.00418146957623  241.79893253642942  242.05594296696853  -51.31071746384128  -51.26499115022673
0.9537347651802075  2823.825389761156  2824.010410668504  -37.106002513102844  -37.07205179170403  241.28628916124828  241.54284253899408  -51.21930675128881  -51.17358043767426
0.9587301903514602  2823.454669243239  2823.6400295021976  -37.173872892153234  -37.13992217075442  240.77455904486038  241.0306553694268  -51.12789596207051  -51.08216964845596
0.9637256238752288  2823.083270021532  2823.2689696323855  -37.24174332791841  -37.20779260651959  240.2637421911294  240.51938146213166  -51.03648509646626  -50.99075878285171
0.9687210657210763  2822.711192095467  2822.8972310584995  -37.3096138201917  -37.27566309879288  239.75383860389928  240.00902082095402  -50.94507415475441  -50.89934784113986
0.9737165158587322  2822.338435464479  2822.524813779973  -37.37748436876757  -37.34353364736875  239.2448482869943  239.49957344971966  -50.8536631372118  -50.807936823597245
0.9787119742580905  2821.9650001280056  2822.1517177962423  -37.44535497344159  -37.41140425204277  238.7367712442194  238.9910393522348  -50.762252044113744  -50.71652573049919
0.983707440889209  2821.5908860854856  2821.7779431067456  -37.513225634010446  -37.47927491261163  238.22960747936008  238.48341853228644  -50.67084087573408  -50.62511456211953
0.9887029157223078  2821.21609333636  2821.4034897109227  -37.581096350271935  -37.54714562887312  237.7233569961828  237.97671099364226  -50.57942963234515  -50.5337033187306
0.9936983987277686  2820.8406218800715  2821.0283576082156  -37.64896712202494  -37.615016400626125  237.21801979843485  237.47091674005108  -50.488018314217825  -50.442292000603274
0.9986938898761327  2820.464471716065  2820.652546798068  -37.716837949069436  -37.68288722767062  236.7135958898447  236.96603577524263  -50.39660692162151  -50.35088060800696
1.003689389138101  2820.087642843788  2820.2760572799266  -37.78470883120647  -37.750758109807656  236.210085274122  236.46206810292796  -50.30519545482415  -50.2594691412096
1.0086848964845316  2819.71013526269  2819.898889053239  -37.85257976823817  -37.818629046839355  235.70748795495777  235.95901372679938  -50.21378391409226  -50.16805760047771
1.01368041188644  2819.331948972222  2819.521042117456  -37.92045075996773  -37.88650003856891  235.20580393602444  235.45687265053076  -50.12237229969091  -50.07664598607636
1.0186759353149966  2818.953083971837  2819.1425164720295  -37.98832180619939  -37.95437108480057  234.7050332209761  234.95564487777747  -50.03096061188375  -49.9852342982692
1.0236714667415265  2818.5735402609885  2818.7633121164126  -38.05619290673844  -38.02224218533962  234.2051758134486  234.45533041217664  -49.93954885093302  -49.89382253731847
1.0286670061375085  2818.193317839135  2818.3834290500617  -38.124064061391216  -38.0901133399924  233.7062317170596  233.9559292573473  -49.84813701709957  -49.802410703485016
1.0336625534745731  2817.8124167057354  2818.002867272435  -38.19193526996509  -38.157984548566276  233.2082009354088  233.45744141689042  -49.756725110642826  -49.710998797028275
1.0386581087245024  2817.43083686025  2817.6216267829927  -38.25980653226846  -38.225855810869646  232.7110834720779  232.95986689438908  -49.66531313182086  -49.61958681820631
1.0436536718592284  2817.048578302142  2817.239707581196  -38.32767784811074  -38.29372712671192  232.2148793306309  232.46320569340853  -49.57390108089035  -49.5281747672758
1.0486492428508323  2816.6656410308747  2816.857109666508  -38.39554921730235  -38.361598495903536  231.71958851461417  231.9674578174964  -49.48248895810663  -49.43676264449208
1.053644821671543  2816.282025045916  2816.4738330383952  -38.46342063965473  -38.42946991825591  231.22521102755655  231.47262327018285  -49.39107676372367  -49.345350450109116
1.058640408293737  2815.897730346733  2816.0898776963245  -38.5312921149803  -38.497341393581486  230.7317468729694  230.97870205498052  -49.299664497994094  -49.25393818437954
1.0636360026899363  2815.5127569327974  2815.7052436397653  -38.599163643092496  -38.56521292169368  230.23919605434682  230.4856941753848  -49.2082521611692  -49.16252584755465
1.0686316048328075  2815.12710480358  2815.3199308681887  -38.667035223805705  -38.63308450240689  229.74755857516575  229.99359963487382  -49.11683975349896  -49.07111343988441
1.0736272146951615  2814.7407739585565  2814.9339393810683  -38.73490685693532  -38.7009561355365  229.25683443888607  229.50241843690878  -49.02542727523201  -48.97970096161746
1.078622832249952  2814.353764397201  2814.5472691778787  -38.80277854229769  -38.76882782089887  228.76702364895075  229.01215058493383  -48.934014726615715  -48.88828841300116
1.0836184574702745  2813.966076118992  2814.1599202580965  -38.87065027971012  -38.8366995583113  228.27812620878584  228.52279608237637  -48.84260210789611  -48.79687579428156
1.0886140903293655  2813.577709123409  2813.7718926212005  -38.93852206899089  -38.904571347592075  227.7901421218007  228.03435493264695  -48.75118941931797  -48.705463105703416
1.0936097308006014  2813.1886634099333  2813.383186266671  -39.00639390995923  -38.97244318856041  227.30307139138816  227.54682713913957  -48.65977666112476  -48.61405034751021
1.0986053788574972  2812.7989389780473  2812.9938011939903  -39.07426580243529  -39.040315081036475  226.8169140209245  227.06021270523178  -48.5683638335587  -48.52263751994415
1.1036010344737064  2812.4085358272373  2812.6037374026423  -39.14213774624018  -39.108187024841364  226.33167001376955  226.5745116342847  -48.47695093686073  -48.43122462324618
1.1085966976230188  2812.0174539569884  2812.212994892113  -39.21000974119593  -39.176059019797115  225.84733937326703  226.08972392964313  -48.38553797127055  -48.339811657656
1.1135923682793611  2811.6256933667905  2811.8215736618895  -39.277881787125494  -39.24393106572668  225.36392210274434  225.60584959463577  -48.294124937026616  -48.248398623412065
1.1185880464167945  2811.2332540561333  2811.429473711462  -39.345753883852744  -39.31180316245393  224.88141820551292  225.12288863257518  -48.202711834366134  -48.15698552075158
1.1235837320095146  2810.8401360245084  2811.036695040321  -39.41362603120247  -39.37967530980365  224.39982768486817  224.64084104675808  -48.1112986635251  -48.065572349910546
1.12857942503185  2810.44633927141  2810.6432376479593  -39.48149822900035  -39.447547507601534  223.91915054408975  224.15970684046516  -48.01988542473828  -47.974159111123726
1.133575125458262  2810.0518637963337  2810.249101533872  -39.54937047707298  -39.515419755674166  223.4393867864415  223.67948601696153  -47.92847211823923  -47.882745804624676
1.1385708332633435  2809.656709598777  2809.8542866975554  -39.617242775247846  -39.58329205384903  222.96053641517167  223.20017857949662  -47.83705874426031  -47.79133243064576
1.1435665484218174  2809.260876678238  2809.4587931385076  -39.685115123353306  -39.65116440195449  222.48259943351292  222.72178453130422  -47.74564530303269  -47.69991898941814
1.1485622709085366  2808.8643650342187  2809.0626208562285  -39.75298752121861  -39.71903679981979  222.00557584468257  222.2443038756028  -47.65423179478634  -47.60850548117179
1.1535580006984825  2808.46717466622  2808.6657698502195  -39.82085996867387  -39.786909247275055  221.5294656518825  221.76773661559548  -47.56281821975006  -47.51709190613551
1.1585537377667645  2808.069305573748  2808.268240119984  -39.88873246555009  -39.854781744151275  221.05426885829948  221.29208275447004  -47.471404578151486  -47.425678264536934
1.1635494820886192  2807.670757756306  2807.870031665027  -39.956605011679116  -39.9226542902803  220.57998546710505  220.8173422953993  -47.379990870217085  -47.334264556602534
1.1685452336394093  2807.2715312134037  2807.471144484855  -40.024477606893655  -39.99052688549484  220.10661548145572  220.3435152415409  -47.28857709617217  -47.24285078255762
1.1735409923946225  2806.8716259445487  2807.071578578976  -40.09235025102726  -40.058399529628446  219.63415890449318  219.87060159603752  -47.19716325624091  -47.15143694262636
1.1785367583298711  2806.4710419492526  2806.6713339469006  -40.16022294391435  -40.12627222251553  219.16261573934415  219.3986013620172  -47.10574935064634  -47.06002303703179
1.1835325314208913  2806.069779227027  2806.27041058814  -40.22809568539016  -40.194144963991334  218.69198598912067  218.92751454259295  -47.014335379610365  -46.968609065995814
1.1885283116435417  2805.6678377773874  2805.8688085022072  -40.29596847529076  -40.262017753891946  218.2222696569202  218.45734114086338  -46.92292134335376  -46.877195029739205
1.1935240989738027  2805.2652175998487  2805.466527688618  -40.36384131345307  -40.329890592054255  217.75346674582553  217.98808115991244  -46.83150724209618  -46.78578092848163
1.1985198933877765  2804.861918693928  2805.0635681468884  -40.43171419971481  -40.397763478315994  217.2855772589051  217.51973460280962  -46.74009307605619  -46.69436676244164
1.203515694861685  2804.4579410591446  2804.6599298765364  -40.499587133914524  -40.46563641251571  216.8186011992129  217.05230147261008  -46.64867884545124  -46.60295253183669
1.2085115033718696  2804.0532846950196  2804.255612877082  -40.56746011589157  -40.533509394492754  216.35253856978872  216.5857817723546  -46.5572645504977  -46.51153823688315
1.213507318894791  2803.6479496010747  2803.850617148047  -40.63533314548611  -40.60138242408729  215.88738937365818  216.12017550506994  -46.46585019141084  -46.420123877796286
1.218503141407027  2803.2419357768335  2803.444942688954  -40.7032062225391  -40.669255501140285  215.42315361383277  215.6554826737687  -46.37443576840485  -46.3287094547903
1.2234989708852735  2802.835243221822  2803.038589499328  -40.77107934689231  -40.73712862549349  214.95983129330997  215.1917032814494  -46.283021281692875  -46.237294968078324
1.2284948073063418  2802.4278719355675  2802.631557578695  -40.838952518388275  -40.80500179698946  214.49742241507343  214.72883733109677  -46.19160673148697  -46.14588041787242
1.2334906506471592  2802.0198219175977  2802.2238469265826  -40.90682573687034  -40.87287501547152  214.03592698209292  214.26688482568164  -46.10019211799814  -46.05446580438359
1.2384865008847679  2801.6110931674434  2801.8154575425206  -40.97469900218261  -40.940748280783794  213.5753449973245  213.80584576816116  -46.008777441436344  -45.96305112782179
1.243482357996324  2801.2016856846353  2801.4063894260394  -41.04257231416998  -41.00862159277116  213.1156764637106  213.34572016147877  -45.91736270201049  -45.87163638839594
1.2484782219590966  2800.791599468708  2800.9966425766715  -41.1104456726781  -41.07649495127928  212.65692138418007  212.8865080085644  -45.825947899928465  -45.780221586313914
1.2534740927504682  2800.380834519195  2800.5862169939514  -41.17831907755338  -41.144368356154565  212.19907976164833  212.42820931233447  -45.73453303539711  -45.688806721782555
1.258469970347932  2799.9693908356335  2800.1751126774143  -41.24619252864302  -41.212241807244204  211.7421515990174  211.97082407569212  -45.64311810862225  -45.597391795007695
1.2634658547290933  2799.557268417561  2799.763329626597  -41.31406602579494  -41.280115304396126  211.286136899176  211.51435230152703  -45.551703119808685  -45.505976806194134
1.2684617458716672  2799.144467264517  2799.350867841039  -41.38193956885783  -41.347988847459014  210.83103566499963  211.05879399271575  -45.460288069160235  -45.414561755545684
1.2734576437534784  2798.730987376043  2798.93772732028  -41.44981315768111  -41.415862436282296  210.37684789935065  210.60414915212172  -45.368872956879684  -45.32314664326513
1.2784535483524606  2798.3168287516796  2798.523908063861  -41.51768679211496  -41.48373607071614  209.9235736050784  210.1504177825952  -45.27745778316884  -45.23173146955429
1.2834494596466557  2797.901991390973  2798.1094100713262  -41.585560472010265  -41.55160975061145  209.47121278501925  209.69759988697365  -45.18604254822852  -45.14031623461397
1.288445377614213  2797.486475293467  2797.69423334222  -41.65343419721866  -41.61948347581984  209.01976544199667  209.24569546808152  -45.09462725225855  -45.048900938643996
1.2934413022333888  2797.0702804587086  2797.2783778760877  -41.7213079675925  -41.687357246193685  208.56923157882133  208.79470452873048  -45.003211895457774  -44.95748558184322
1.2984372334825451  2796.653406886247  2796.861843672478  -41.78918178298487  -41.75523106158605  208.1196111982912  208.34462707171951  -44.91179647802409  -44.866070164409535
1.3034331713401497  2796.235854575631  2796.444630730939  -41.85705564324955  -41.823104921850735  207.67090430319158  207.8954630998349  -44.820381000154406  -44.774654686539854
1.3084291157847747  2795.8176235264123  2796.0267390510217  -41.92492954824106  -41.89097882684224  207.22311089629517  207.44721261585036  -44.72896546204469  -44.68323914843014
1.3134250667950966  2795.398713738144  2795.608168632278  -41.9928034978146  -41.95885277641578  206.77623098036227  206.9998756225271  -44.63754986388995  -44.5918235502754
1.3184210243498953  2794.97912521038  2795.188919474262  -42.06067749182608  -42.02672677042726  206.3302645581407  206.55345212261403  -44.54613420588426  -44.500407892269706
1.3234169884280529  2794.5588579426762  2794.768991576528  -42.1285515301321  -42.09460080873328  205.88521163236595  206.10794211884755  -44.45471848822073  -44.408992174606176
1.328412959008554  2794.137911934589  2794.3483849386325  -42.19642561258998  -42.16247489119116  205.44107220576132  205.66334561395192  -44.36330271109156  -44.31757639747701
1.3334089360704846  2793.7162871856767  2793.927099560133  -42.26429973905769  -42.230349017658874  204.99784628103785  205.21966261063918  -44.27188687468802  -44.22616056107347
1.338404919593031  2793.2939836954997  2793.505135440588  -42.33217390939392  -42.298223187995106  204.5555338608945  204.77689311160924  -44.18047097920045  -44.1347446655859
1.34340090955548  2792.8710014636195  2793.0824925795596  -42.40004812345802  -42.366097402059204  204.11413494801823  204.33503711955  -44.08905502481828  -44.04332871120373
1.3483969059372176  2792.4473404895984  2792.659170976609  -42.467922381110014  -42.4339716597112  203.67364954508398  203.89409463713739  -43.99763901173003  -43.95191269811548
1.3533929087177288  2792.023000773001  2792.2351706312998  -42.5357966822106  -42.501845960811785  203.23407765475486  203.45406566703542  -43.906222940123314  -43.86049662650876
1.3583889178765964  2791.5979823133925  2791.810491543197  -42.60367102662115  -42.56972030522233  202.79541927968216  203.01495021189632  -43.81480681018485  -43.7690804965703
1.3633849333935013  2791.17228511034  2791.3851337118663  -42.67154541420369  -42.637594692804875  202.35767442250543  202.57674827436063  -43.72339062210046  -43.67766430848591
1.368380955248221  2790.7459091634123  2790.959097136876  -42.73941984482091  -42.70546912342209  201.92084308585254  202.13945985705712  -43.63197437605509  -43.58624806244054
1.373376983420629  2790.3188544721784  2790.5323818177953  -42.80729431833614  -42.77334359693732  201.48492527233978  201.70308496260301  -43.540558072232805  -43.494831758618254
1.3783730178906954  2789.891121036209  2790.1049877541936  -42.87516883461338  -42.841218113214566  201.04992098457188  201.267623593604  -43.449141710816775  -43.403415397202224
1.3833690586384848  2789.4627088550765  2789.6769149456427  -42.94304339351727  -42.909092672118454  200.61583022514216  200.83307575265422  -43.357725291989325  -43.311998978374774
1.388365105644156  2789.0336179283554  2789.248163391716  -43.01091799491308  -42.97696727351426  200.18265299663253  200.3994414423366  -43.2663088159319  -43.22058250231735
1.3933611588879622  2788.60384825562  2788.8187330919877  -43.07879263866673  -43.04484191726791  199.75038930161358  199.96672066522262  -43.17489228282509  -43.12916596921054
1.39835721835025  2788.1733998364475  2788.388624046034  -43.14666732464476  -43.11271660324594  199.31903914264467  199.53491342387252  -43.08347569284864  -43.037749379234086
1.4033532840114582  2787.742272670415  2787.957836253431  -43.21454205271436  -43.18059133131554  198.88860252227397  199.1040197208354  -42.992059046181424  -42.94633273256687
1.408349355852118  2787.310466757102  2787.5263697137584  -43.28241682274332  -43.248466101344505  198.45907944303852  198.67403955864918  -42.9006423430015  -42.85491602938695
1.4133454338528524  2786.8779820960885  2787.0942244265952  -43.35029163460008  -43.316340913201266  198.03046990746435  198.24497293984078  -42.80922558348608  -42.76349926987153
1.418341517994375  2786.4448186869563  2786.6614003915224  -43.41816648815368  -43.38421576675486  197.60277391806648  197.81681986692612  -42.71780876781154  -42.67208245419699
1.42333760825749  2786.0109765292887  2786.2278976081225  -43.48604138327377  -43.452090661874955  197.17599147734902  197.38958034241023  -42.62639189615343  -42.58066558253888
1.4283337046230915  2785.57645562267  2785.7937160759793  -43.55391631983063  -43.51996559843181  196.75012258780524  196.9632543687872  -42.53497496868647  -42.48924865507192
1.433329807072163  2785.1412559666855  2785.3588557946778  -43.62179129769512  -43.5878405762963  196.32516725191763  196.53784194854043  -42.44355798558458  -42.39783167197003
1.4383259155857764  2784.7053775609224  2784.923316763804  -43.68966631673873  -43.65571559533991  195.90112547215796  196.11334308414257  -42.352140947020864  -42.30641463340631
1.443322030145092  2784.2688204049687  2784.4870989829456  -43.75754137683353  -43.72359065543471  195.47799725098733  195.68975777805557  -42.26072385316761  -42.21499753955306
1.4483181507313578  2783.831584498414  2784.0502024516913  -43.82541647785219  -43.79146575645337  195.05578259085627  195.26708603273082  -42.169306704196316  -42.123580390581765
1.4533142773259087  2783.3936698408493  2783.6126271696317  -43.89329161966797  -43.85934089826915  194.63448149420475  194.84532785060918  -42.07788950027768  -42.03216318666313
1.4583104099101662  2782.955076431867  2783.174373136358  -43.96116680215473  -43.92721608075591  194.21409396346232  194.42448323412103  -41.986472241581595  -41.94074592796704
1.4633065484656382  2782.5158042710596  2782.7354403514632  -44.02904202518689  -43.99509130378807  193.79462000104806  194.00455218568635  -41.89505492827719  -41.84932861466264
1.4683026929739176  2782.0758533580215  2782.2958288145405  -44.096917288639474  -44.06296656724066  193.37605960937077  193.58553470771474  -41.8036375605328  -41.75791124691825
1.4732988434166825  2781.635223692349  2781.8555385251852  -44.164792592388075  -44.13084187098926  192.95841279082893  193.16743080260554  -41.712220138515974  -41.66649382490142
1.4782949997756953  2781.193915273639  2781.414569482994  -44.23266793630885  -44.19871721491003  192.54167954781082  192.7502404727479  -41.62080266239351  -41.57507634877896
1.4832911620328026  2780.7519281014897  2780.9729216875644  -44.300543320278535  -44.26659259887972  192.12585988269456  192.3339637205207  -41.52938513233142  -41.48365881871687
1.4882873301699344  2780.309262175501  2780.5305951384953  -44.368418744174434  -44.33446802277562  191.71095379784816  191.91860054829283  -41.43796754849497  -41.392241234880416
1.4932835041691033  2779.865917495273  2780.087589835387  -44.43629420787441  -44.402343486475594  191.29696129562956  191.50415095842314  -41.34654991104864  -41.30082359743409
1.4982796840124044  2779.4218940604082  2779.6439057778407  -44.50416971125689  -44.470218989858076  190.88388237838674  191.0906149532603  -41.25513222015619  -41.20940590654164
1.5032758696820148  2778.9771918705096  2779.199542965459  -44.57204525420085  -44.538094532802035  190.47171704845783  190.67799253514332  -41.16371447598061  -41.11798816236606
1.508272061160193  2778.5318109251816  2778.7545013978456  -44.63992083658582  -44.605970115187006  190.06046530817096  190.2662837064012  -41.072296678684154  -41.0265703650696
1.5132682584292783  2778.0857512240295  2778.3087810746056  -44.707796458291895  -44.67384573689308  189.65012715984452  189.85548846935308  -40.98087882842833  -40.93515251481378
1.5182644614716905  2777.6390127666605  2777.862381995345  -44.77567211919969  -44.74172139780087  189.24070260578713  189.4456068263084  -40.88946092537391  -40.84373461175936
1.5232606702699294  2777.1915955526824  2777.4153041596715  -44.84354781919038  -44.80959709779156  188.83219164829774  189.03663877956694  -40.79804296968095  -40.7523166560664
1.528256884806574  2776.7434995817043  2776.9675475671934  -44.911423558145664  -44.87747283674685  188.42459428966563  188.62858433141875  -40.70662496150876  -40.66089864789421
1.5332531050642826  2776.294724853337  2776.5191122175206  -44.9792993359478  -44.94534861454898  188.01791053217053  188.2214434841444  -40.61520690101594  -40.56948058740139
1.5382493310257916  2775.845271367192  2776.0699981102644  -45.04717515247957  -45.01322443108075  187.61214037808261  187.81521624001482  -40.52378878836036  -40.47806247474581
1.5432455626739157  2775.3951391228807  2775.6202052450362  -45.11505100762427  -45.08110028622545  187.2072838296626  187.40990260129155  -40.4323706236992  -40.38664431008465
1.5482417999915468  2774.944328120019  2775.1697336214497  -45.18292690126574  -45.14897617986692  186.80334088916175  187.00550257022667  -40.3409524071889  -40.29522609357435
1.5532380429616544  2774.4928383582205  2774.7185832391197  -45.25080283328834  -45.21685211188952  186.400311558822  186.60201614906282  -40.24953413898522  -40.20380782537067
1.5582342915672842  2774.040669837101  2774.266754097661  -45.31867880357695  -45.284728082178134  185.99819584087598  186.1994433400335  -40.15811581924321  -40.112389505628656
1.5632305457915583  2773.5878225562797  2773.8142461966904  -45.38655481201697  -45.35260409061815  185.59699373754705  185.79778414536275  -40.06669744811722  -40.020971134502666
1.5682268056176742  2773.134296515373  2773.3610595358264  -45.4544308584943  -45.42048013709548  185.19670525104937  185.39703856726558  -39.97527902576091  -39.92955271214636
1.573223071028905  2772.680091714002  2772.9071941146876  -45.52230694289537  -45.48835622149655  184.79733038358793  184.99720660794776  -39.88386055232726  -39.83813423871271
1.5782193420085984  2772.225208151787  2772.4526499328945  -45.590183065107105  -45.55623234370829  184.39886913735862  184.59828826960592  -39.79244202796856  -39.74671571435401
1.5832156185401765  2771.7696458283494  2771.997426990068  -45.658059225016935  -45.62410850361812  184.00132151454832  184.2002835544277  -39.70102345283642  -39.655297139221865
1.5882119006071351  2771.3134047433136  2771.5415252858315  -45.7259354225128  -45.69198470111398  183.6046875173349  183.80319246459172  -39.60960482708176  -39.56387851346721
1.593208188193044  2770.856484896303  2771.0849448198082  -45.79381165748313  -45.759860936084316  183.20896714788725  183.40701500226766  -39.51818615085485  -39.4724598372403
1.5982044812815455  2770.3988862869423  2770.6276855916226  -45.86168792981686  -45.82773720841804  182.8141604083654  183.0117511696163  -39.42676742430529  -39.38104111069074
1.6032007798563548  2769.9406089148583  2770.1697476009003  -45.92956423940341  -45.895613518004595  182.42026730092056  182.61740096878955  -39.335348647582  -39.28962233396745
1.6081970839012592  2769.481652779678  2769.711130847268  -45.9974405861327  -45.96348986473388  182.0272878276951  182.2239644019306  -39.24392982083326  -39.19820350721871
1.6131933934001175  2769.022017881031  2769.2518353303544  -46.065316969895115  -46.0313662484963  181.63522199082263  181.83144147117378  -39.152510944206675  -39.106784630592124
1.6181897083368604  2768.5617042185463  2768.7918610497886  -46.13319339058155  -46.099242669182736  181.24406979242815  181.43983217864482  -39.061092017849205  -39.015365704234654
1.623186028695489  2768.100711791855  2768.3312080052006  -46.20106984808338  -46.16711912668456  180.85383123462793  181.04913652646073  -38.96967304190717  -38.92394672829262
1.628182354460075  2767.639040600588  2767.8698761962214  -46.26894634229244  -46.23499562089362  180.46450631952968  180.65935451673  -38.878254016526235  -38.83252770291168
1.6331786856147605  2767.1766906443795  2767.4078656224838  -46.33682287310105  -46.30287215170223  180.07609504923255  180.27048615155243  -38.78683494185142  -38.741108628236866
1.638175022143757  2766.7136619228627  2766.945176283621  -46.404699440402005  -46.37074871900319  179.68859742582723  179.88253143301947  -38.695415818027115  -38.649689504412564
1.643171364031345  2766.249954435673  2766.481808179268  -46.47257604408858  -46.43862532268976  179.30201345139594  179.49549036321406  -38.603996645197086  -38.558270331582534
1.6481677112618744  2765.7855681824462  2766.0177613090596  -46.540452684054486  -46.50650196265567  178.91634312801241  179.10936294421074  -38.51257742350445  -38.4668511098899
1.6531640638197633  2765.32050316282  2765.553035672633  -46.608329360193935  -46.57437863879512  178.53158645774215  178.72414917807558  -38.421158153091724  -38.37543183947717
1.6581604216894976  2764.854759376432  2765.087631269626  -46.676206072401584  -46.64225535100277  178.14774344264225  178.33984906686652  -38.32973883410077  -38.28401252048622
1.6631567848556312  2764.388336822922  2764.621548099677  -46.744082820572544  -46.71013209917373  177.7648140847616  177.9564626126331  -38.238319466672856  -38.192593153058304
1.6681531533027854  2763.9212355019304  2764.1547861624263  -46.8119596046024  -46.77800888320358  177.38279838614082  177.57398981741667  -38.14690005094862  -38.101173737334065
1.6731495270156478  2763.4534554130983  2763.6873454575143  -46.87983642438717  -46.845885702988355  177.0016963488124  177.1924306832504  -38.05548058706809  -38.00975427345354
1.6781459059789732  2762.9849965560684  2763.2192259845833  -46.94771327982335  -46.91376255842453  176.6215079748007  176.81178521215935  -37.964061075170704  -37.91833476155615
1.6831422901775819  2762.5158589304842  2762.7504277432763  -47.01559017080785  -46.98163944940903  176.24223326612193  176.4320534061605  -37.87264151539528  -37.82691520178073
1.6881386795963602  2762.04604253599  2762.280950733237  -47.08346709723806  -47.04951637583924  175.8638722247843  176.05323526726272  -37.78122190788003  -37.73549559426548
1.6931350742202598  2761.5755473722315  2761.810794954111  -47.15134405901179  -47.117393337612974  175.48642485278808  175.67533079746693  -37.689802252762576  -37.644075939148024
1.6981314740342972  2761.1043734388554  2761.3399604055435  -47.21922105602731  -47.18527033462849  175.10989115212553  175.2983399987661  -37.59838255017995  -37.5526562365654
1.7031278790235538  2760.632520735509  2760.868447087182  -47.28709808818331  -47.253147366784496  174.734271124781  174.9222628731453  -37.50696280026858  -37.46123648665403
1.7081242891731747  2760.159989261841  2760.396254998675  -47.35497515537893  -47.321024433980114  174.359564772731  174.54709942258174  -37.41554300316433  -37.36981668954978
1.7131207044683694  2759.6867790175015  2759.9233841396713  -47.42285225751374  -47.38890153611492  173.98577209794422  174.1728496490447  -37.324123159002454  -37.2783968453879
1.7181171248944105  2759.2128900021403  2759.449834509821  -47.49072939448774  -47.45677867308892  173.61289310238158  173.79951355449586  -37.232703267917636  -37.186976954303084
1.723113550436634  2758.738322215409  2758.9756061087746  -47.55860656620135  -47.52465584480253  173.2409277879962  173.42709114088902  -37.14128333004399  -37.09555701642944
1.7281099810804386  2758.263075656961  2758.500698936185  -47.62648377255543  -47.592533051156614  172.8698761567336  173.05558241017033  -37.04986334551504  -37.00413703190049
1.7331064168112853  2757.787150326449  2758.025112991705  -47.694361013451264  -47.66041029205245  172.49973821053158  172.68498736427827  -36.95844331446376  -36.912717000849206
1.738102857614697  2757.3105462235285  2757.548848274989  -47.76223828879055  -47.72828756739173  172.13051395132035  172.31530600514373  -36.867023237022536  -36.821296923407985
1.743099303476259  2756.8332633478544  2757.0719047856915  -47.8301155984754  -47.796164877076585  171.76220338102257  171.94653833469005  -36.7756031133232  -36.72987679970865
1.7480957543816171  2756.355301699084  2756.5942825234692  -47.89799294240836  -47.86404222100954  171.39480650155338  171.57868435483297  -36.68418294349702  -36.63845662988247
1.7530922103164785  2755.8766612768736  2756.115981487979  -47.965870320492364  -47.93191959909355  171.02832331482037  171.21174406748082  -36.59276272767472  -36.547036414060166
1.7580886712666113  2755.397342080883  2755.6370016788783  -48.033747732630786  -47.99979701123197  170.66275382272377  170.84571747453444  -36.50134246598644  -36.45561615237189
1.7630851372178433  2754.917344110771  2755.157343095827  -48.101625178727396  -48.06767445732858  170.29809802715636  170.48060457788725  -36.40992215856179  -36.36419584494724
1.7680816081560629  2754.4366673661975  2754.6770057384842  -48.16950265868637  -48.13555193728755  169.93435593000353  170.11640537942534  -36.318501805529834  -36.27277549191528
1.7730780840672178  2753.9553118468243  2754.195989606511  -48.237380172412294  -48.20342945101348  169.57152753314338  169.75311988102746  -36.22708140701908  -36.18135509340453
1.778074564937315  2753.473277552314  2753.714294699569  -48.30525771981015  -48.27130699841133  169.20961283844673  169.390748084565  -36.13566096315749  -36.08993464954294
1.7830710507524208  2752.99056448233  2753.231921017322  -48.37313530078533  -48.33918457938651  168.84861184777714  169.0292899919022  -36.0442404740725  -35.99851416045795
1.7880675414986595  2752.5071726365363  2752.748868559433  -48.44101291524361  -48.407062193844794  168.48852456299093  168.66874560489606  -35.95281993989101  -35.907093626276456
1.7930640371622144  2752.023102014598  2752.265137325567  -48.50889056309118  -48.47493984169236  168.12935098593732  168.3091149253964  -35.86139936073936  -35.81567304712481
1.7980605377293264  2751.538352616181  2751.7807273153894  -48.57676824423461  -48.54281752283579  167.77109111845834  167.95039795524588  -35.7699787367434  -35.724252423128846
1.8030570431862942  2751.052924440952  2751.2956385285665  -48.64464595858087  -48.61069523718205  167.41374496238893  167.5925946962801  -35.678558068028416  -35.632831754413864
1.8080535535194737  2750.56681748858  2750.809870964766  -48.7125237060373  -48.678572984638485  167.05731251955703  167.23570515032756  -35.5871373547192  -35.541411041104645
1.813050068715278  2750.080031758733  2750.3234246236566  -48.780401486511664  -48.74645076511285  166.70179379178347  166.87972931920982  -35.49571659694  -35.44999028332545
1.8180465887601767  2749.5925672510816  2749.8362995049074  -48.84827929991208  -48.81432857851326  166.3471887808822  166.52466720474138  -35.40429579481456  -35.35856948120001
1.823043113640696  2749.104423965296  2749.348495608189  -48.91615714614705  -48.88220642474823  165.99349748866013  166.1705188087298  -35.312874948466096  -35.267148634851544
1.8280396433434178  2748.615601901048  2748.860012933172  -48.98403502512548  -48.95008430372666  165.64071991691733  165.81728413297577  -35.22145405801732  -35.17572774440277
1.8330361778549804  2748.1261010580106  2748.3708514795294  -49.05191293675663  -49.01796221535781  165.288856067447  165.4649631792731  -35.13003312359044  -35.084306809975885
1.8380327171620772  2747.6359214358567  2747.8810112469337  -49.11979088095015  -49.08584015955133  164.93790594203548  165.11355594940872  -35.038612145307134  -34.99288583169258
1.8430292612514565  2747.145063034261  2747.390492235059  -49.18766885761605  -49.153718136217236  164.58786954246236  164.76306244516283  -34.947191123288604  -34.90146480967405
1.8480258101099216  2746.653525852899  2746.89929444358  -49.25554686666474  -49.22159614526592  164.23874687050036  164.41348266830883  -34.855770057655526  -34.810043744040975
1.8530223637243306  2746.1613098914463  2746.4074178721726  -49.32342490800697  -49.28947418660815  163.89053792791557  164.06481662061333  -34.764348948528095  -34.718622634913544
1.8580189220815957  2745.6684151495806  2745.9148625205135  -49.39130298155388  -49.35735226015506  163.54324271646735  163.71706430383637  -34.672927796026  -34.62720148241145
1.8630154851686829  2745.174841626979  2745.4216283882797  -49.45918108721696  -49.425230365818145  163.19686123790842  163.3702257197312  -34.58150660026844  -34.53578028665389
1.868012052972612  2744.680589323321  2744.92771547515  -49.52705922490808  -49.49310850350926  162.8513934939849  163.02430087004456  -34.49008536137412  -34.44435904775957
1.8730086254804563  2744.1856582382857  2744.4331237808033  -49.59493739453946  -49.56098667314065  162.50683948643626  162.67928975651654  -34.39866407946126  -34.35293776584671
1.8780052026793417  2743.690048371554  2743.93785330492  -49.662815596023684  -49.62886487462487  162.16319921699548  162.3351923808807  -34.307242754647596  -34.261516441033045
1.8830017845564473  2743.1937597228075  2743.4419040471807  -49.730693829273704  -49.69674310787489  161.82047268738899  161.99200874486405  -34.21582138705038  -34.17009507343583
1.8879983710990043  2742.696792291729  2742.945276007268  -49.79857209420281  -49.764621372803994  161.47865989933672  161.64973885018716  -34.124399976786385  -34.078673663171834
1.8929949622942965  2742.1991460780005  2742.4479691848646  -49.86645039072466  -49.83249966932584  161.1377608545522  161.3083826985641  -34.032978523971906  -33.987252210357354
1.8979915581296596  2741.700821081307  2741.9499835796537  -49.93432871875326  -49.90037799735444  160.79777555474254  160.9679402917025  -33.941557028722755  -33.895830715108204
1.9029881585924804  2741.2018173013334  2741.45131919132  -50.002207078202964  -49.96825635680415  160.45870400160842  160.62841163130375  -33.85013549115429  -33.80440917753974
1.9079847636701976  2740.7021347377654  2740.9519760195494  -50.07008546898848  -50.036134747589664  160.12054619684423  160.2897967190627  -33.758713911381385  -33.71298759776683
1.912981373350301  2740.20177339029  2740.4519540640276  -50.13796389102487  -50.10401316962605  159.78330214213796  159.952095556668  -33.66729228951845  -33.6215659759039
1.9179779876203307  2739.700733258594  2739.951253324442  -50.20584234422751  -50.171891622828696  159.44697183917137  159.615308145802  -33.575870625679435  -33.530144312064884
1.9229746064678777  2739.199014342366  2739.44987380048  -50.27372082851216  -50.239770107113344  159.11155528961996  159.27943448814074  -33.48444891997782  -33.43872260636327
1.9279712298805831  2738.6966166412944  2738.94781549183  -50.3415993437949  -50.30764862239608  158.77705249515301  158.94447458535404  -33.39302717252663  -33.34730085891208
1.9329678578461382  2738.1935401550704  2738.4450783981824  -50.40947788999214  -50.37552716859332  158.44346345743367  158.6104284391056  -33.301605383438435  -33.255879069823884
1.937964490352284  2737.6897848833846  2737.9416625192275  -50.47735646702064  -50.443405745621824  158.11078817811884  158.27729605105293  -33.21018355282535  -33.1644572392108
1.9429611273868104  2737.1853508259287  2737.4375678546567  -50.5452350747975  -50.511284353398686  157.77902665885932  157.94507742284742  -33.118761680799025  -33.073035367184474
1.9479577689375571  2736.6802379823944  2736.9327944041615  -50.61311371324015  -50.579162991841336  157.44817890129983  157.61377255613434  -33.027339767470686  -32.981613453856134
1.9529544149924125  2736.174446352476  2736.427342167435  -50.68099238226635  -50.64704166086754  157.11824490707903  157.28338145255285  -32.93591781295109  -32.89019149933654
1.9579510655393135  2735.667975935867  2735.9212111441716  -50.74887108179419  -50.714920360395375  156.78922467782957  156.9539041137362  -32.844495817350555  -32.798769503736004
1.9629477205662456  2735.160826732263  2735.414401334065  -50.816749811742085  -50.78279909034327  156.4611182151781  156.62534054131154  -32.753073780778955  -32.707347467164404
1.9679443800612424  2734.65299874136  2734.9069127368116  -50.88462857202878  -50.850677850629964  156.1339255207452  156.29769073690014  -32.66165170334573  -32.61592538973118
1.9729410440123853  2734.1444919628534  2734.3987453521067  -50.95250736257336  -50.91855664117454  155.80764659614567  155.97095470211718  -32.570229585159886  -32.524503271545335
1.9779377124078033  2733.635306396442  2733.8898991796477  -51.0203861832952  -50.986435461896384  155.4822814429883  155.64513243857206  -32.47880742632997  -32.43308111271542
1.982934385235673  2733.125442041823  2733.3803742191326  -51.08826503411403  -51.05431431271521  155.15783006287597  155.3202239478683  -32.38738522696413  -32.341658913349576
1.9879310624842175  2732.6148988986956  2732.8701704702594  -51.15614391494988  -51.12219319355106  154.8342924574058  154.99622923160345  -32.29596298717004  -32.25023667355549
1.9929277441417077  2732.1036769667603  2732.359287932728  -51.224022825723104  -51.19007210432429  154.51166862816908  154.67314829136933  -32.204540707054996  -32.158814393440444
1.9979244301964603  2731.591776245717  2731.8477266062387  -51.29190176635438  -51.25795104495556  154.18995857675122  154.35098112875198  -32.11311838672583  -32.06739207311128
1.9999999999999982  2731.22902656802  2731.4853163232447  -51.33994590618194  -51.30599518478312  153.96296859756475  154.12340046608605  -32.04841044195818  -32.00268412834363
