0.005  1699.4340525940822  1700.0034064950844  109.12791216856648  109.2665857884026  -1623.6452984845835  -1623.5439742265607  19.41382757922687  19.441989560428304
0.01  1700.5253317157678  1701.07166464471  108.85056492889426  108.98923854873037  -1623.4511602087912  -1623.353950260989  19.357503616823998  19.385665598025433
0.015  1701.6138373650567  1702.1587835578005  108.57321768922203  108.71189130905815  -1623.257585172623  -1623.160656844633  19.301179654421126  19.329341635622562
0.02  1702.699569541949  1703.2431289984943  108.29587044954981  108.43454406938592  -1623.0645733760787  -1622.9679266679007  19.244855692018255  19.27301767321969
0.025  1703.7825282464444  1704.3247009667914  108.01852320987759  108.1571968297137  -1622.8721248191584  -1622.7757597307923  19.188531729615384  19.21669371081682
0.030000000000000002  1704.8627134785431  1705.4034994626918  107.74117597020536  107.87984959004147  -1622.6802395018624  -1622.5841560333083  19.132207767212513  19.16036974841395
0.035  1705.9401252382452  1706.4795244861955  107.46382873053314  107.60250235036925  -1622.48891742419  -1622.393115575448  19.075883804809642  19.104045786011078
0.04  1707.0147635255505  1707.5527760373025  107.18648149086091  107.32515511069703  -1622.2981585861419  -1622.2026383572118  19.01955984240677  19.047721823608207
0.045  1708.0866283404591  1708.6232541160125  106.90913425118869  107.0478078710248  -1622.1079629877179  -1622.0127243785998  18.9632358800039  18.991397861205336
0.049999999999999996  1709.155719682971  1709.690958722326  106.63178701151647  106.77046063135258  -1621.918330628918  -1621.823373639612  18.90691191760103  18.935073898802464
0.05499999999999999  1710.2220375530862  1710.755889856243  106.35443977184424  106.49311339168035  -1621.729261509742  -1621.6345861402478  18.850587955198158  18.878749936399593
0.05999999999999999  1711.2855819508047  1711.818047517763  106.07709253217202  106.21576615200813  -1621.54075563019  -1621.446361880508  18.794263992795287  18.822425973996722
0.06499999999999999  1712.3463528761265  1712.8774317068865  105.7997452924998  105.9384189123359  -1621.3528129902622  -1621.2587008603923  18.737940030392416  18.76610201159385
0.06999999999999999  1713.4043503290516  1713.9340424236132  105.52239805282757  105.66107167266368  -1621.1654335899582  -1621.0716030799001  18.681616067989545  18.70977804919098
0.075  1714.45957430958  1714.9878796679432  105.24505081315534  105.38372443299146  -1620.9786174292783  -1620.8850685390323  18.625292105586674  18.65345408678811
0.08  1715.5120248177116  1716.0389434398764  104.96770357348312  105.10637719331923  -1620.7923645082226  -1620.6990972377887  18.568968143183803  18.597130124385238
0.085  1716.5617018534465  1717.087233739413  104.6903563338109  104.82902995364701  -1620.6066748267906  -1620.5136891761688  18.51264418078093  18.540806161982367
0.09000000000000001  1717.6086054167847  1718.1327505665529  104.41300909413867  104.55168271397478  -1620.4215483849828  -1620.3288443541728  18.45632021837806  18.484482199579496
0.09500000000000001  1718.6527355077262  1719.175493921296  104.13566185446645  104.27433547430256  -1620.2369851827991  -1620.1445627718012  18.39999625597519  18.428158237176625
0.10000000000000002  1719.694092126271  1720.2154638036425  103.85831461479422  103.99698823463034  -1620.0529852202392  -1619.9608444290534  18.343672293572318  18.371834274773754
0.10500000000000002  1720.732675272419  1721.2526602135922  103.580967375122  103.71964099495811  -1619.8695484973034  -1619.7776893259295  18.287348331169447  18.315510312370883
0.11000000000000003  1721.7684849461705  1722.2870831511452  103.30362013544978  103.44229375528589  -1619.6866750139918  -1619.59509746243  18.231024368766576  18.25918634996801
0.11500000000000003  1722.8015211475251  1723.3187326163015  103.02627289577755  103.16494651561366  -1619.504364770304  -1619.4130688385542  18.174700406363705  18.20286238756514
0.12000000000000004  1723.831783876483  1724.3476086090611  102.74892565610533  102.88759927594144  -1619.3226177662402  -1619.2316034543023  18.118376443960834  18.14653842516227
0.12500000000000003  1724.8592731330443  1725.373711129424  102.4715784164331  102.61025203626922  -1619.1414340018007  -1619.0507013096749  18.062052481557963  18.0902144627594
0.13000000000000003  1725.8839889172089  1726.3970401773902  102.19423117676088  102.33290479659699  -1618.9608134769853  -1618.8703624046716  18.00572851915509  18.033890500356527
0.13500000000000004  1726.9059312289767  1727.4175957529596  101.91688393708866  102.05555755692477  -1618.7807561917937  -1618.6905867392918  17.94940455675222  17.977566537953656
0.14000000000000004  1727.9251000683478  1728.4353778561324  101.63953669741643  101.77821031725254  -1618.6012621462262  -1618.5113743135364  17.89308059434935  17.921242575550785
0.14500000000000005  1728.9414954353217  1729.450386486908  101.36218945774421  101.50086307758032  -1618.4223313402829  -1618.3327251274052  17.83675663194648  17.864918613147914
0.15000000000000005  1729.955117329899  1730.4626216452868  101.08484221807198  101.2235158379081  -1618.2439637739633  -1618.1546391808974  17.780432669543607  17.808594650745043
0.15500000000000005  1730.9659657520795  1731.472083331269  100.80749497839976  100.94616859823587  -1618.0661594472679  -1617.977116474014  17.724108707140736  17.752270688342172
0.16000000000000006  1731.9740407018633  1732.4787715448545  100.53014773872754  100.66882135856365  -1617.8889183601966  -1617.800157006755  17.667784744737865  17.6959467259393
0.16500000000000006  1732.9793421792504  1733.4826862860432  100.25280049905531  100.39147411889142  -1617.712240512749  -1617.6237607791195  17.611460782334994  17.63962276353643
0.17000000000000007  1733.9818701842407  1734.4838275548352  99.97545325938309  100.1141268792192  -1617.5361259049257  -1617.447927791108  17.555136819932123  17.58329880113356
0.17500000000000007  1734.9816247168344  1735.4821953512305  99.69810601971086  99.83677963954698  -1617.3605745367265  -1617.2726580427209  17.498812857529252  17.526974838730688
0.18000000000000008  1735.9786057770314  1736.4777896752291  99.42075878003864  99.55943239987475  -1617.185586408151  -1617.0979515339575  17.44248889512638  17.470650876327817
0.18500000000000008  1736.9728133648316  1737.470610526831  99.14341154036642  99.28208516020253  -1617.0111615191997  -1616.923808264818  17.38616493272351  17.414326913924945
0.19000000000000009  1737.9642474802351  1738.4606579060362  98.86606430069419  99.0047379205303  -1616.8372998698726  -1616.750228235303  17.32984097032064  17.358002951522074
0.1950000000000001  1738.952908123242  1739.4479318128447  98.58871706102197  98.72739068085808  -1616.6640014601692  -1616.5772114454116  17.273517007917768  17.301678989119203
0.2000000000000001  1739.938795293852  1740.4324322472564  98.31136982134974  98.45004344118585  -1616.49126629009  -1616.4047578951443  17.217193045514897  17.245355026716332
0.2050000000000001  1740.9219089920655  1741.4141592092715  98.03402258167752  98.17269620151363  -1616.3190943596348  -1616.2328675845013  17.160869083112026  17.18903106431346
0.2100000000000001  1741.9022492178822  1742.3931126988898  97.7566753420053  97.8953489618414  -1616.147485668804  -1616.0615405134824  17.104545120709155  17.13270710191059
0.2150000000000001  1742.8798159713022  1743.3692927161114  97.47932810233307  97.61800172216918  -1615.9764402175967  -1615.890776682087  17.048221158306283  17.07638313950772
0.2200000000000001  1743.8546092523254  1744.3426992609363  97.20198086266085  97.34065448249696  -1615.8059580060137  -1615.7205760903162  16.991897195903412  17.020059177104848
0.22500000000000012  1744.826629060952  1745.3133323333645  96.92463362298862  97.06330724282473  -1615.6360390340549  -1615.5509387381694  16.93557323350054  16.963735214701977
0.23000000000000012  1745.7958753971818  1746.281191933396  96.6472863833164  96.78596000315251  -1615.4666833017197  -1615.3818646256461  16.87924927109767  16.907411252299106
0.23500000000000013  1746.762348261015  1747.2462780610308  96.36993914364417  96.50861276348029  -1615.2978908090088  -1615.2133537527473  16.8229253086948  16.851087289896235
0.24000000000000013  1747.7260476524514  1748.2085907162689  96.09259190397195  96.23126552380806  -1615.129661555922  -1615.0454061194725  16.766601346291928  16.794763327493364
0.24500000000000013  1748.686973571491  1749.1681298991102  95.81524466429973  95.95391828413584  -1614.961995542459  -1614.8780217258216  16.710277383889057  16.738439365090493
0.2500000000000001  1749.645126018134  1750.1248956095549  95.5378974246275  95.67657104446361  -1614.79489276862  -1614.7112005717945  16.653953421486186  16.68211540268762
0.2550000000000001  1750.6005049923804  1751.0788878476026  95.26055018495528  95.39922380479139  -1614.6283532344053  -1614.5449426573919  16.597629459083315  16.62579144028475
0.2600000000000001  1751.55311049423  1752.0301066132538  94.98320294528305  95.12187656511917  -1614.4623769398142  -1614.379247982613  16.541305496680444  16.56946747788188
0.2650000000000001  1752.5029425236828  1752.9785519065083  94.70585570561083  94.84452932544694  -1614.2969638848474  -1614.214116547458  16.484981534277573  16.51314351547901
0.27000000000000013  1753.450001080739  1753.924223727366  94.4285084659386  94.56718208577472  -1614.1321140695047  -1614.0495483519273  16.4286575718747  16.456819553076137
0.27500000000000013  1754.3942861653984  1754.8671220758272  94.15116122626638  94.2898348461025  -1613.9678274937858  -1613.8855433960205  16.37233360947183  16.400495590673266
0.28000000000000014  1755.3357977776611  1755.8072469518916  93.87381398659416  94.01248760643027  -1613.804104157691  -1613.7221016797375  16.31600964706896  16.344171628270395
0.28500000000000014  1756.2745359175271  1756.7445983555592  93.59646674692193  93.73514036675805  -1613.6409440612204  -1613.559223203079  16.25968568466609  16.287847665867524
0.29000000000000015  1757.2105005849965  1757.6791762868302  93.31911950724971  93.45779312708582  -1613.478347204374  -1613.3969079660446  16.203361722263217  16.231523703464653
0.29500000000000015  1758.143691780069  1758.6109807457044  93.04177226757749  93.1804458874136  -1613.3163135871512  -1613.2351559686338  16.147037759860346  16.175199741061782
0.30000000000000016  1759.074109502745  1759.540011732182  92.76442502790526  92.90309864774137  -1613.1548432095526  -1613.0739672108473  16.090713797457475  16.11887577865891
0.30500000000000016  1760.001753753024  1760.4662692462628  92.48707778823304  92.62575140806915  -1612.9939360715782  -1612.913341692685  16.034389835054604  16.06255181625604
0.31000000000000016  1760.9266245309066  1761.3897532879469  92.20973054856081  92.34840416839693  -1612.8335921732275  -1612.7532794141462  15.978065872651733  16.00622785385317
0.31500000000000017  1761.8487218363923  1762.3104638572343  91.93238330888859  92.0710569287247  -1612.673811514501  -1612.5937803752317  15.921741910248862  15.949903891450298
0.3200000000000002  1762.7680456694814  1763.228400954125  91.65503606921637  91.79370968905248  -1612.5145940953987  -1612.4348445759415  15.865417947845991  15.893579929047426
0.3250000000000002  1763.6845960301737  1764.143564578619  91.37768882954414  91.51636244938025  -1612.35593991592  -1612.276472016275  15.80909398544312  15.837255966644555
0.3300000000000002  1764.5983729184693  1765.0559547307162  91.10034158987192  91.23901520970803  -1612.1978489760656  -1612.1186626962324  15.752770023040249  15.780932004241684
0.3350000000000002  1765.5093763343682  1765.9655714104167  90.82299435019969  90.9616679700358  -1612.0403212758354  -1611.9614166158142  15.696446060637378  15.724608041838813
0.3400000000000002  1766.4176062778704  1766.8724146177206  90.54564711052747  90.68432073036358  -1611.8833568152288  -1611.8047337750197  15.640122098234507  15.668284079435942
0.3450000000000002  1767.3230627489759  1767.7764843526277  90.26829987085524  90.40697349069136  -1611.7269555942464  -1611.6486141738492  15.583798135831636  15.611960117033071
0.3500000000000002  1768.2257457476846  1768.677780615138  89.99095263118302  90.12962625101913  -1611.5711176128882  -1611.493057812303  15.527474173428764  15.5556361546302
0.3550000000000002  1769.1256552739962  1769.5763034052513  89.7136053915108  89.85227901134691  -1611.4158428711537  -1611.3380646903806  15.471150211025893  15.499312192227329
0.3600000000000002  1770.0227913279111  1770.4720527229679  89.43625815183857  89.57493177167468  -1611.2611313690434  -1611.1836348080822  15.414826248623022  15.442988229824458
0.3650000000000002  1770.9171539094293  1771.3650285682877  89.15891091216635  89.29758453200246  -1611.1069831065572  -1611.029768165408  15.358502286220151  15.386664267421587
0.3700000000000002  1771.8087430185508  1772.2552309412108  88.88156367249412  89.02023729233024  -1610.9533980836952  -1610.8764647623582  15.30217832381728  15.330340305018716
0.3750000000000002  1772.6975586552755  1773.1426598417372  88.6042164328219  88.74289005265801  -1610.800376300457  -1610.7237245989318  15.245854361414409  15.274016342615845
0.3800000000000002  1773.5836008196036  1774.027315269867  88.32686919314968  88.46554281298579  -1610.6479177568428  -1610.5715476751298  15.189530399011538  15.217692380212974
0.38500000000000023  1774.466869511535  1774.9091972255999  88.04952195347745  88.18819557331356  -1610.496022452853  -1610.419933990952  15.133206436608667  15.161368417810102
0.39000000000000024  1775.3473647310695  1775.7883057089362  87.77217471380523  87.91084833364134  -1610.3446903884867  -1610.2688835463975  15.076882474205796  15.105044455407231
0.39500000000000024  1776.2250864782075  1776.6646407198757  87.494827474133  87.63350109396912  -1610.1939215637447  -1610.1183963414676  15.020558511802925  15.04872049300436
0.40000000000000024  1777.1000347529487  1777.5382022584186  87.21748023446078  87.35615385429689  -1610.0437159786268  -1609.9684723761618  14.964234549400054  14.99239653060149
0.40500000000000025  1777.9722095552931  1778.4089903245647  86.94013299478856  87.07880661462467  -1609.8940736331326  -1609.8191116504797  14.907910586997183  14.936072568198618
0.41000000000000025  1778.841610885241  1779.277004918314  86.66278575511633  86.80145937495244  -1609.7449945272626  -1609.6703141644216  14.851586624594312  14.879748605795747
0.41500000000000026  1779.708238742792  1780.1422460396668  86.38543851544411  86.52411213528022  -1609.5964786610168  -1609.5220799179879  14.79526266219144  14.823424643392876
0.42000000000000026  1780.5720931279463  1781.0047136886228  86.10809127577188  86.246764895608  -1609.4485260343947  -1609.3744089111779  14.73893869978857  14.767100680990005
0.42500000000000027  1781.433174040704  1781.864407865182  85.83074403609966  85.96941765593577  -1609.3011366473968  -1609.2273011439918  14.682614737385698  14.710776718587134
0.43000000000000027  1782.291481481065  1782.7213285693447  85.55339679642744  85.69207041626355  -1609.154310500023  -1609.08075661643  14.626290774982827  14.654452756184263
0.4350000000000003  1783.1470154490291  1783.5754758011105  85.27604955675521  85.41472317659132  -1609.008047592273  -1608.9347753284922  14.569966812579956  14.598128793781392
0.4400000000000003  1783.9997759445966  1784.4268495604797  84.99870231708299  85.1373759369191  -1608.8623479241471  -1608.7893572801781  14.513642850177085  14.54180483137852
0.4450000000000003  1784.8497629677674  1785.2754498474521  84.72135507741076  84.86002869724688  -1608.7172114956454  -1608.6445024714885  14.457318887774214  14.48548086897565
0.4500000000000003  1785.6969765185415  1786.1212766620279  84.44400783773854  84.58268145757465  -1608.5726383067679  -1608.500210902423  14.400994925371343  14.429156906572778
0.4550000000000003  1786.541416596919  1786.9643300042069  84.16666059806631  84.30533421790243  -1608.428628357514  -1608.3564825729811  14.344670962968472  14.372832944169907
0.4600000000000003  1787.3830832028996  1787.8046098739892  83.88931335839409  84.0279869782302  -1608.2851816478844  -1608.2133174831636  14.2883470005656  14.316508981767036
0.4650000000000003  1788.2219763364835  1788.6421162713746  83.61196611872187  83.75063973855798  -1608.142298177879  -1608.0707156329702  14.23202303816273  14.260185019364165
0.4700000000000003  1789.0580959976708  1789.4768491963634  83.33461887904964  83.47329249888575  -1607.9999779474972  -1607.9286770224003  14.175699075759859  14.203861056961294
0.4750000000000003  1789.8914421864613  1790.3088086489556  83.05727163937742  83.19594525921353  -1607.8582209567396  -1607.7872016514548  14.119375113356988  14.147537094558423
0.4800000000000003  1790.722014902855  1791.137994629151  82.7799243997052  82.9185980195413  -1607.7170272056062  -1607.6462895201335  14.063051150954117  14.091213132155552
0.4850000000000003  1791.5498141468522  1791.9644071369498  82.50257716003297  82.64125077986908  -1607.5763966940965  -1607.5059406284358  14.006727188551245  14.034889169752681
0.4900000000000003  1792.3748399184526  1792.7880461723519  82.22522992036075  82.36390354019686  -1607.436329422211  -1607.3661549763622  13.950403226148374  13.97856520734981
0.49500000000000033  1793.1970922176563  1793.6089117353572  81.94788268068852  82.08655630052463  -1607.2968253899496  -1607.226932563913  13.894079263745503  13.922241244946939
0.5000000000000003  1794.0165710444633  1794.4270038259658  81.6705354410163  81.80920906085241  -1607.157884597312  -1607.0882733910873  13.837755301342632  13.865917282544068
0.5050000000000003  1794.8332763988735  1795.2423224441777  81.39318820134407  81.53186182118019  -1607.0195070442985  -1606.9501774578857  13.781431338939761  13.809593320141197
0.5100000000000003  1795.647208280887  1796.054867589993  81.11584096167185  81.25451458150796  -1606.8816927309092  -1606.8126447643085  13.72510737653689  13.753269357738326
0.5150000000000003  1796.458366690504  1796.8646392634114  80.83849372199963  80.97716734183574  -1606.7444416571436  -1606.675675310355  13.668783414134019  13.696945395335455
0.5200000000000004  1797.266751627724  1797.6716374644332  80.5611464823274  80.69982010216351  -1606.6077538230022  -1606.5392690960255  13.612459451731148  13.640621432932583
0.5250000000000004  1798.0723630925474  1798.4758621930582  80.28379924265518  80.42247286249129  -1606.471629228485  -1606.4034261213203  13.556135489328277  13.584297470529712
0.5300000000000004  1798.8752010849742  1799.2773134492866  80.00645200298295  80.14512562281907  -1606.336067873592  -1606.2681463862393  13.499811526925406  13.527973508126841
0.5350000000000004  1799.6752656050041  1800.0759912331182  79.72910476331073  79.86777838314684  -1606.2010697583225  -1606.1334298907818  13.443487564522535  13.47164954572397
0.5400000000000004  1800.4725566526374  1800.8718955445531  79.4517575236385  79.59043114347462  -1606.0666348826774  -1605.9992766349487  13.387163602119664  13.4153255833211
0.5450000000000004  1801.267074227874  1801.6650263835913  79.17441028396628  79.3130839038024  -1605.9327632466564  -1605.8656866187398  13.330839639716793  13.359001620918228
0.5500000000000004  1802.0588183307138  1802.4553837502328  78.89706304429406  79.03573666413017  -1605.799454850259  -1605.7326598421544  13.274515677313921  13.302677658515357
0.5550000000000004  1802.847788961157  1803.2429676444776  78.61971580462183  78.75838942445795  -1605.666709693486  -1605.6001963051933  13.21819171491105  13.246353696112486
0.5600000000000004  1803.6339861192034  1804.0277780663257  78.34236856494961  78.48104218478572  -1605.534527776337  -1605.4682960078565  13.16186775250818  13.190029733709615
0.5650000000000004  1804.4174098048532  1804.809815015777  78.06502132527739  78.2036949451135  -1605.4029090988117  -1605.3369589501433  13.105543790105308  13.133705771306744
0.5700000000000004  1805.1980600181057  1805.5890784928313  77.78767408560516  77.92634770544127  -1605.2718536609107  -1605.206185132054  13.049219827702437  13.077381808903873
0.5750000000000004  1805.9759367589616  1806.3655684974888  77.51032684593294  77.64900046576905  -1605.1413614626338  -1605.0759745535893  12.992895865299566  13.021057846501002
0.5800000000000004  1806.7510400274207  1807.1392850297495  77.23297960626071  77.37165322609683  -1605.0114325039806  -1604.9463272147482  12.936571902896695  12.96473388409813
0.5850000000000004  1807.523369823483  1807.9102280896136  76.95563236658849  77.0943059864246  -1604.8820667849516  -1604.817243115531  12.880247940493824  12.90840992169526
0.5900000000000004  1808.2929261471488  1808.678397677081  76.67828512691626  76.81695874675238  -1604.7532643055467  -1604.6887222559383  12.823923978090953  12.852085959292388
0.5950000000000004  1809.0597089984178  1809.4437937921516  76.40093788724404  76.53961150708015  -1604.6250250657656  -1604.5607646359692  12.767600015688082  12.795761996889517
0.6000000000000004  1809.82371837729  1810.2064164348255  76.12359064757182  76.26226426740793  -1604.4973490656087  -1604.4333702556241  12.71127605328521  12.739438034486646
0.6050000000000004  1810.5849542837657  1810.9662656051028  75.84624340789959  75.9849170277357  -1604.3702363050759  -1604.3065391149034  12.65495209088234  12.683114072083775
0.6100000000000004  1811.3434167178445  1811.7233413029833  75.56889616822737  75.70756978806348  -1604.2436867841673  -1604.180271213807  12.598628128479469  12.626790109680904
0.6150000000000004  1812.0991056795267  1812.477643528467  75.29154892855514  75.43022254839126  -1604.1177005028824  -1604.0545665523339  12.542304166076597  12.570466147278033
0.6200000000000004  1812.8520211688121  1813.2291722815542  75.01420168888292  75.15287530871903  -1603.9922774612216  -1603.9294251304852  12.485980203673726  12.514142184875162
0.6250000000000004  1813.6021631857009  1813.9779275622445  74.7368544492107  74.87552806904681  -1603.867417659185  -1603.8048469482608  12.429656241270855  12.45781822247229
0.6300000000000004  1814.349531730193  1814.7239093705382  74.45950720953847  74.59818082937458  -1603.7431210967723  -1603.6808320056598  12.373332278867984  12.40149426006942
0.6350000000000005  1815.0941268022882  1815.4671177064351  74.18215996986625  74.32083358970236  -1603.6193877739836  -1603.5573803026832  12.317008316465113  12.345170297666549
0.6400000000000005  1815.8359484019868  1816.2075525699354  73.90481273019402  74.04348635003014  -1603.496217690819  -1603.4344918393308  12.260684354062242  12.288846335263678
0.6450000000000005  1816.5749965292887  1816.945213961039  73.6274654905218  73.76613911035791  -1603.3736108472783  -1603.312166615602  12.204360391659371  12.232522372860807
0.6500000000000005  1817.3112711841939  1817.6801018797457  73.35011825084958  73.48879187068569  -1603.2515672433617  -1603.1904046314974  12.1480364292565  12.176198410457935
0.6550000000000005  1818.0447723667023  1818.4122163260558  73.07277101117735  73.21144463101346  -1603.1300868790693  -1603.069205887017  12.091712466853629  12.119874448055064
0.6600000000000005  1818.775500076814  1819.1415572999692  72.79542377150513  72.93409739134124  -1603.0091697544005  -1602.9485703821604  12.035388504450758  12.063550485652193
0.6650000000000005  1819.503454314529  1819.868124801486  72.5180765318329  72.65675015166902  -1602.888815869356  -1602.8284981169277  11.979064542047887  12.007226523249322
0.6700000000000005  1820.2286350798474  1820.591918830606  72.24072929216068  72.37940291199679  -1602.7690252239356  -1602.7089890913194  11.922740579645016  11.950902560846451
0.6750000000000005  1820.951042372769  1821.312939387329  71.96338205248846  72.10205567232457  -1602.649797818139  -1602.5900433053348  11.866416617242145  11.89457859844358
0.6800000000000005  1821.670676193294  1822.0311864716555  71.68603481281623  71.82470843265234  -1602.5311336519665  -1602.4716607589742  11.810092654839274  11.838254636040709
0.6850000000000005  1822.3875365414222  1822.7466600835853  71.40868757314401  71.54736119298012  -1602.4130327254181  -1602.353841452238  11.753768692436402  11.781930673637838
0.6900000000000005  1823.1016234171536  1823.4593602231184  71.13134033347178  71.2700139533079  -1602.295495038494  -1602.2365853851259  11.697444730033531  11.725606711234967
0.6950000000000005  1823.8129368204884  1824.1692868902549  70.85399309379956  70.99266671363567  -1602.1785205911935  -1602.1198925576373  11.64112076763066  11.669282748832096
0.7000000000000005  1824.5214767514265  1824.8764400849946  70.57664585412734  70.71531947396345  -1602.0621093835173  -1602.003762969773  11.58479680522779  11.612958786429225
0.7050000000000005  1825.2272432099678  1825.5808198073375  70.29929861445511  70.43797223429122  -1601.9462614154652  -1601.888196621533  11.528472842824918  11.556634824026354
0.7100000000000005  1825.9302361961124  1826.2824260572838  70.02195137478289  70.160624994619  -1601.8309766870368  -1601.7731935129166  11.472148880422047  11.500310861623483
0.7150000000000005  1826.6304557098604  1826.9812588348334  69.74460413511066  69.88327775494677  -1601.7162551982326  -1601.6587536439245  11.415824918019176  11.443986899220612
0.7200000000000005  1827.3279017512116  1827.6773181399863  69.46725689543844  69.60593051527455  -1601.6020969490526  -1601.5448770145565  11.359500955616305  11.38766293681774
0.7250000000000005  1828.022574320166  1828.3706039727424  69.18990965576621  69.32858327560233  -1601.4885019394962  -1601.4315636248123  11.303176993213434  11.33133897441487
0.7300000000000005  1828.7144734167239  1829.0611163331018  68.91256241609399  69.0512360359301  -1601.375470169564  -1601.318813474692  11.246853030810563  11.275015012011998
0.7350000000000005  1829.403599040885  1829.7488552210646  68.63521517642177  68.77388879625788  -1601.2630016392561  -1601.206626564196  11.190529068407692  11.218691049609127
0.7400000000000005  1830.0899511926493  1830.4338206366306  68.35786793674954  68.49654155658565  -1601.1510963485719  -1601.095002893324  11.13420510600482  11.162367087206256
0.7450000000000006  1830.773529872017  1831.1160125797999  68.08052069707732  68.21919431691343  -1601.0397542975118  -1600.9839424620757  11.07788114360195  11.106043124803385
0.7500000000000006  1831.454335078988  1831.7954310505725  67.8031734574051  67.9418470772412  -1600.9289754860758  -1600.8734452704518  11.021557181199078  11.049719162400514
0.7550000000000006  1832.1323668135622  1832.4720760489483  67.52582621773287  67.66449983756898  -1600.8187599142636  -1600.7635113184517  10.965233218796207  10.993395199997643
0.7600000000000006  1832.8076250757397  1833.1459475749275  67.24847897806065  67.38715259789676  -1600.7091075820756  -1600.6541406060755  10.908909256393336  10.937071237594772
0.7650000000000006  1833.4801098655205  1833.81704562851  66.97113173838842  67.10980535822453  -1600.6000184895117  -1600.5453331333238  10.852585293990465  10.8807472751919
0.7700000000000006  1834.1498211829046  1834.4853702096957  66.6937844987162  66.83245811855231  -1600.491492636572  -1600.4370889001962  10.796261331587594  10.82442331278903
0.7750000000000006  1834.816759027892  1835.1509213184847  66.41643725904397  66.55511087888009  -1600.383530023256  -1600.329407906692  10.739937369184723  10.768099350386159
0.7800000000000006  1835.4809234004822  1835.8136989548766  66.13909001937175  66.27776363920786  -1600.2761306495643  -1600.2222901528123  10.683613406781852  10.711775387983288
0.7850000000000006  1836.1423143006757  1836.4737031188718  65.86174277969953  66.00041639953564  -1600.1692945154966  -1600.1157356385568  10.627289444378981  10.655451425580416
0.7900000000000006  1836.8009317284725  1837.1309338104702  65.5843955400273  65.72306915986341  -1600.0630216210527  -1600.0097443639247  10.57096548197611  10.599127463177545
0.7950000000000006  1837.4567756838726  1837.785391029672  65.30704830035508  65.44572192019119  -1599.957311966233  -1599.904316328917  10.514641519573239  10.542803500774674
0.8000000000000006  1838.109846166876  1838.437074776477  65.02970106068285  65.16837468051897  -1599.8521655510374  -1599.7994515335336  10.458317557170368  10.486479538371803
0.8050000000000006  1838.7601431774826  1839.0859850508853  64.75235382101063  64.89102744084674  -1599.7475823754655  -1599.6951499777738  10.401993594767497  10.430155575968932
0.8100000000000006  1839.4076667156926  1839.7321218528969  64.4750065813384  64.61368020117452  -1599.6435624395178  -1599.591411661638  10.345669632364626  10.373831613566061
0.8150000000000006  1840.0524167815058  1840.3754851825117  64.19765934166618  64.3363329615023  -1599.5401057431943  -1599.4882365851265  10.289345669961754  10.31750765116319
0.8200000000000006  1840.6943933749224  1841.01607503973  63.92031210199396  64.05898572183007  -1599.4372122864945  -1599.3856247482388  10.233021707558883  10.261183688760319
0.8250000000000006  1841.3335964959422  1841.6538914245514  63.64296486232173  63.781638482157845  -1599.3348820694189  -1599.283576150975  10.176697745156012  10.204859726357448
0.8300000000000006  1841.9700261445653  1842.2889343369761  63.36561762264951  63.50429124248562  -1599.2331150919674  -1599.1820907933356  10.120373782753141  10.148535763954577
0.8350000000000006  1842.6036823207917  1842.9212037770042  63.088270382977285  63.2269440028134  -1599.1319113541397  -1599.08116867532  10.06404982035027  10.092211801551706
0.8400000000000006  1843.2345650246214  1843.5506997446355  62.81092314330506  62.94959676314117  -1599.031270855936  -1598.9808097969283  10.007725857947399  10.035887839148835
0.8450000000000006  1843.8626742560543  1844.17742223987  62.53357590363284  62.67224952346895  -1598.9311935973567  -1598.881014158161  9.951401895544528  9.979563876745964
0.8500000000000006  1844.4880100150906  1844.801371262708  62.25622866396061  62.394902283796725  -1598.8316795784015  -1598.7817817590178  9.895077933141657  9.923239914343092
0.8550000000000006  1845.1105723017301  1845.4225468131492  61.97888142428839  62.1175550441245  -1598.73272879907  -1598.6831125994981  9.838753970738786  9.866915951940221
0.8600000000000007  1845.730361115973  1846.0409488911937  61.701534184616165  61.84020780445228  -1598.6343412593626  -1598.5850066796029  9.782430008335915  9.81059198953735
0.8650000000000007  1846.347376457819  1846.6565774968415  61.42418694494394  61.56286056478005  -1598.5365169592794  -1598.4874639993318  9.726106045933044  9.75426802713448
0.8700000000000007  1846.9616183272685  1847.2694326300925  61.14683970527172  61.28551332510783  -1598.43925589882  -1598.3904845586842  9.669782083530173  9.697944064731608
0.8750000000000007  1847.5730867243212  1847.8795142909469  60.86949246559949  61.008166085435604  -1598.3425580779847  -1598.294068357661  9.613458121127302  9.641620102328737
0.8800000000000007  1848.1817816489772  1848.4868224794045  60.59214522592727  60.73081884576338  -1598.2464234967736  -1598.198215396262  9.55713415872443  9.585296139925866
0.8850000000000007  1848.7877031012365  1849.0913571954652  60.314797986255044  60.453471606091156  -1598.1508521551862  -1598.1029256744866  9.50081019632156  9.528972177522995
0.8900000000000007  1849.390851081099  1849.6931184391294  60.03745074658282  60.17612436641893  -1598.055844053223  -1598.0081991923353  9.444486233918688  9.472648215120124
0.8950000000000007  1849.991225588565  1850.292106210397  59.760103506910596  59.89877712674671  -1597.9613991908839  -1597.9140359498083  9.388162271515817  9.416324252717253
0.9000000000000007  1850.588826623634  1850.8883205092677  59.48275626723837  59.621429887074484  -1597.8675175681685  -1597.820435946905  9.331838309112946  9.360000290314382
0.9050000000000007  1851.1836541863065  1851.4817613357418  59.20540902756615  59.34408264740226  -1597.7741991850774  -1597.7273991836257  9.275514346710075  9.30367632791151
0.9100000000000007  1851.7757082765822  1852.0724286898192  58.928061787893924  59.066735407730036  -1597.6814440416103  -1597.6349256599708  9.219190384307204  9.24735236550864
0.9150000000000007  1852.3649888944612  1852.6603225714998  58.6507145482217  58.78938816805781  -1597.589252137767  -1597.5430153759396  9.162866421904333  9.191028403105769
0.9200000000000007  1852.9514960399435  1853.2454429807838  58.373367308549476  58.51204092838559  -1597.497623473548  -1597.4516683315323  9.106542459501462  9.134704440702897
0.9250000000000007  1853.5352297130291  1853.827789917671  58.09602006887725  58.234693688713364  -1597.406558048953  -1597.3608845267495  9.05021849709859  9.078380478300026
0.9300000000000007  1854.116189913718  1854.4073633821615  57.81867282920503  57.95734644904114  -1597.3160558639822  -1597.2706639615908  8.99389453469572  9.022056515897155
0.9350000000000007  1854.6943766420102  1854.9841633742553  57.5413255895328  57.679999209368916  -1597.2261169186352  -1597.1810066360556  8.937570572292849  8.965732553494284
0.9400000000000007  1855.2697898979056  1855.5581898939524  57.26397834986058  57.40265196969669  -1597.1367412129123  -1597.0919125501448  8.881246609889978  8.909408591091413
0.9450000000000007  1855.8424296814044  1856.1294429412528  56.986631110188355  57.12530473002447  -1597.0479287468136  -1597.0033817038582  8.824922647487107  8.853084628688542
0.9500000000000007  1856.4122959925064  1856.6979225161565  56.70928387051613  56.84795749035224  -1596.9596795203386  -1596.915414097195  8.768598685084235  8.796760666285671
0.9550000000000007  1856.9793888312117  1857.2636286186635  56.43193663084391  56.57061025068002  -1596.8719935334877  -1596.8280097301563  8.712274722681364  8.7404367038828
0.9600000000000007  1857.5437081975203  1857.8265612487737  56.15458939117168  56.293263011007795  -1596.784870786261  -1596.7411686027417  8.655950760278493  8.684112741479929
0.9650000000000007  1858.1052540914322  1858.3867204064873  55.87724215149946  56.01591577133557  -1596.6983112786581  -1596.6548907149509  8.599626797875622  8.627788779077058
0.9700000000000008  1858.6640265129474  1858.944106091804  55.599894911827235  55.73856853166335  -1596.6123150106794  -1596.569176066784  8.543302835472751  8.571464816674187
0.9750000000000008  1859.220025462066  1859.4987183047242  55.32254767215501  55.46122129199112  -1596.5268819823248  -1596.4840246582414  8.48697887306988  8.515140854271316
0.9800000000000008  1859.7732509387877  1860.0505570452476  55.04520043248279  55.1838740523189  -1596.4420121935939  -1596.3994364893226  8.430654910667009  8.458816891868445
0.9850000000000008  1860.3237029431127  1860.5996223133743  54.76785319281056  54.906526812646675  -1596.3577056444872  -1596.3154115600278  8.374330948264138  8.402492929465573
0.9900000000000008  1860.8713814750406  1861.1459141091038  54.49050595313834  54.62917957297445  -1596.2739623350046  -1596.2319498703573  8.318006985861267  8.346168967062702
0.9950000000000008  1861.4162865345718  1861.6894324324367  54.213158713466115  54.35183233330223  -1596.1907822651458  -1596.1490514203106  8.261683023458396  8.289845004659831
1.0000000000000007  1861.9584181217062  1862.2301772833728  53.93581147379389  54.07448509363  -1596.1081654349111  -1596.0667162098878  8.205359061055525  8.23352104225696
1.0050000000000006  1862.497776236444  1862.7681486619122  53.658464234121666  53.79713785395778  -1596.0261118443007  -1595.9849442390894  8.149035098652654  8.17719707985409
1.0100000000000005  1863.034360878785  1863.3033465680548  53.38111699444944  53.519790614285554  -1595.9446214933143  -1595.9037355079151  8.092711136249783  8.120873117451218
1.0150000000000003  1863.5681720487294  1863.8357710018008  53.10376975477722  53.24244337461333  -1595.8636943819517  -1595.8230900163644  8.036387173846911  8.064549155048347
1.0200000000000002  1864.099209746277  1864.36542196315  52.826422515104994  52.965096134941106  -1595.7833305102133  -1595.743007764438  7.980063211444041  8.008225192645476
1.0250000000000001  1864.627473971428  1864.8922994521026  52.54907527543277  52.68774889526888  -1595.703529878099  -1595.663488752136  7.923739249041172  7.951901230242607
1.03  1865.152964724182  1865.4164034686585  52.271728035760546  52.41040165559666  -1595.6242924856085  -1595.5845329794572  7.867415286638303  7.895577267839737
1.035  1865.6756820045396  1865.9377340128176  51.99438079608832  52.133054415924434  -1595.5456183327422  -1595.506140446403  7.811091324235433  7.839253305436868
1.0399999999999998  1866.1956258125003  1866.45629108458  51.7170335564161  51.85570717625221  -1595.4675074195  -1595.4283111529728  7.754767361832564  7.782929343033999
1.0449999999999997  1866.7127961480644  1866.9720746839457  51.439686316743874  51.578359936579986  -1595.3899597458815  -1595.3510450991664  7.698443399429695  7.7266053806311294
1.0499999999999996  1867.2271930112317  1867.4850848109147  51.16233907707165  51.30101269690776  -1595.3129753118872  -1595.274342284984  7.6421194370268255  7.67028141822826
1.0549999999999995  1867.7388164020024  1867.995321465487  50.884991837399426  51.02366545723554  -1595.236554117517  -1595.198202710426  7.585795474623956  7.613957455825391
1.0599999999999994  1868.2476663203763  1868.5027846476626  50.6076445977272  50.746318217563314  -1595.1606961627706  -1595.1226263754916  7.529471512221087  7.5576334934225216
1.0649999999999993  1868.7537427663535  1869.0074743574414  50.33029735805498  50.46897097789109  -1595.0854014476483  -1595.0476132801812  7.473147549818218  7.501309531019652
1.0699999999999992  1869.257045739934  1869.5093905948236  50.05295011838275  50.191623738218865  -1595.0106699721503  -1594.9731634244952  7.416823587415348  7.444985568616783
1.074999999999999  1869.7575752411178  1870.008533359809  49.77560287871053  49.91427649854664  -1594.9365017362759  -1594.899276808433  7.360499625012479  7.388661606213914
1.079999999999999  1870.255331269905  1870.5049026523977  49.498255639038305  49.63692925887442  -1594.8628967400257  -1594.8259534319945  7.30417566260961  7.332337643811044
1.0849999999999989  1870.7503138262953  1870.9984984725897  49.22090839936608  49.35958201920219  -1594.7898549833997  -1594.7531932951806  7.24785170020674  7.276013681408175
1.0899999999999987  1871.242522910289  1871.489320820385  48.94356115969386  49.08223477952997  -1594.7173764663978  -1594.6809963979908  7.191527737803871  7.219689719005306
1.0949999999999986  1871.7319585218859  1871.9773696957834  48.66621392002163  48.804887539857745  -1594.6454611890197  -1594.6093627404246  7.135203775401002  7.1633657566024365
1.0999999999999985  1872.218620661086  1872.4626450987853  48.38886668034941  48.52754030018552  -1594.5741091512657  -1594.5382923224827  7.0788798129981325  7.107041794199567
1.1049999999999984  1872.7025093278896  1872.9451470293905  48.111519440677185  48.2501930605133  -1594.503320353136  -1594.467785144165  7.022555850595263  7.050717831796698
1.1099999999999983  1873.1836245222964  1873.424875487599  47.83417220100496  47.97284582084107  -1594.4330947946298  -1594.3978412054707  6.966231888192394  6.994393869393829
1.1149999999999982  1873.6619662443065  1873.9018304734107  47.55682496133274  47.69549858116885  -1594.363432475748  -1594.328460506401  6.909907925789525  6.938069906990959
1.119999999999998  1874.13753449392  1874.3760119868257  47.27947772166051  47.418151341496625  -1594.2943333964902  -1594.2596430469553  6.853583963386655  6.88174594458809
1.124999999999998  1874.6103292711366  1874.847420027844  47.00213048198829  47.1408041018244  -1594.2257975568562  -1594.1913888271333  6.797260000983786  6.825421982185221
1.129999999999998  1875.0803505759566  1875.3160545964656  46.724783242316065  46.86345686215218  -1594.1578249568463  -1594.1236978469353  6.740936038580917  6.769098019782351
1.1349999999999978  1875.5475984083798  1875.7819156926905  46.44743600264384  46.58610962247995  -1594.0904155964606  -1594.0565701063617  6.684612076178047  6.712774057379482
1.1399999999999977  1876.0120727684064  1876.2450033165187  46.170088762971616  46.30876238280773  -1594.0235694756987  -1593.9900056054119  6.628288113775178  6.656450094976613
1.1449999999999976  1876.4737736560362  1876.7053174679502  45.89274152329939  46.031415143135504  -1593.9572865945609  -1593.924004344086  6.571964151372309  6.6001261325737435
1.1499999999999975  1876.9327010712693  1877.162858146985  45.61539428362717  45.75406790346328  -1593.8915669530472  -1593.8585663223844  6.5156401889694395  6.543802170170874
1.1549999999999974  1877.3888550141057  1877.617625353623  45.338047043954944  45.476720663791056  -1593.8264105511573  -1593.7936915403066  6.45931622656657  6.487478207768005
1.1599999999999973  1877.8422354845454  1878.0696190878643  45.06069980428272  45.19937342411883  -1593.7618173888916  -1593.7293799978527  6.402992264163701  6.431154245365136
1.1649999999999971  1878.2928424825884  1878.518839349709  44.783352564610496  44.92202618444661  -1593.69778746625  -1593.6656316950232  6.346668301760832  6.374830282962266
1.169999999999997  1878.7406760082347  1878.965286139157  44.50600532493827  44.644678944774384  -1593.6343207832326  -1593.6024466318179  6.290344339357962  6.318506320559397
1.174999999999997  1879.1857360614842  1879.408959456208  44.22865808526605  44.36733170510216  -1593.571417339839  -1593.539824808236  6.234020376955093  6.262182358156528
1.1799999999999968  1879.628022642337  1879.8498593008626  43.951310845593824  44.089984465429936  -1593.5090771360694  -1593.4777662242786  6.177696414552224  6.205858395753658
1.1849999999999967  1880.0675357507932  1880.2879856731204  43.6739636059216  43.81263722575771  -1593.447300171924  -1593.4162708799454  6.121372452149354  6.149534433350789
1.1899999999999966  1880.5042753868527  1880.7233385729814  43.396616366249376  43.53528998608549  -1593.3860864474025  -1593.3553387752356  6.065048489746485  6.09321047094792
1.1949999999999965  1880.9382415505154  1881.1559180004458  43.11926912657715  43.25794274641326  -1593.325435962505  -1593.2949699101503  6.008724527343616  6.0368865085450505
1.1999999999999964  1881.369434241781  1881.585723955513  42.84192188690493  42.98059550674104  -1593.2653487172317  -1593.235164284689  5.9524005649407465  5.980562546142181
1.2049999999999963  1881.7978534606498  1882.0127564381835  42.5645746472327  42.703248267068815  -1593.2058247115822  -1593.1759218988516  5.896076602537877  5.924238583739312
1.2099999999999962  1882.223499207122  1882.4370154484573  42.28722740756048  42.42590102739659  -1593.1468639455568  -1593.117242752638  5.839752640135008  5.867914621336443
1.214999999999996  1882.6463714811973  1882.8585009863343  42.009880167888255  42.14855378772437  -1593.0884664191556  -1593.059126846049  5.783428677732139  5.811590658933573
1.219999999999996  1883.066470282876  1883.2772130518147  41.73253292821603  41.87120654805214  -1593.030632132378  -1593.0015741790835  5.727104715329269  5.755266696530704
1.2249999999999959  1883.483795612158  1883.6931516448983  41.45518568854381  41.59385930837992  -1592.9733610852247  -1592.944584751742  5.6707807529264  5.698942734127835
1.2299999999999958  1883.8983474690433  1884.1063167655852  41.17783844887158  41.316512068707695  -1592.9166532776956  -1592.888158564025  5.614456790523531  5.642618771724965
1.2349999999999957  1884.3101258535319  1884.5167084138754  40.90049120919936  41.03916482903547  -1592.86050870979  -1592.8322956159316  5.5581328281206615  5.586294809322096
1.2399999999999956  1884.7191307656237  1884.924326589769  40.623143969527135  40.76181758936325  -1592.8049273815088  -1592.7769959074622  5.501808865717792  5.529970846919227
1.2449999999999954  1885.1253622053189  1885.3291712932657  40.34579672985491  40.48447034969102  -1592.7499092928517  -1592.7222594386171  5.445484903314923  5.4736468845163575
1.2499999999999953  1885.5288201726173  1885.7312425243658  40.06844949018269  40.2071231100188  -1592.6954544438188  -1592.6680862093963  5.3891609409120536  5.417322922113488
1.2549999999999952  1885.929504667519  1886.1305402830692  39.79110225051046  39.929775870346575  -1592.6415628344096  -1592.614476219799  5.332836978509184  5.360998959710619
1.2599999999999951  1886.327415690024  1886.5270645693759  39.51375501083824  39.65242863067435  -1592.5882344646245  -1592.561429469826  5.276513016106315  5.30467499730775
1.264999999999995  1886.7225532401324  1886.9208153832858  39.236407771166014  39.37508139100213  -1592.5354693344636  -1592.5089459594772  5.220189053703446  5.24835103490488
1.269999999999995  1887.114917317844  1887.311792724799  38.95906053149379  39.0977341513299  -1592.4832674439265  -1592.4570256887519  5.163865091300576  5.192027072502011
1.2749999999999948  1887.5045079231588  1887.6999965939156  38.681713291821566  38.82038691165768  -1592.4316287930135  -1592.405668657651  5.107541128897707  5.135703110099142
1.2799999999999947  1887.891325056077  1888.0854269906354  38.40436605214934  38.543039671985454  -1592.3805533817247  -1592.3548748661742  5.051217166494838  5.079379147696272
1.2849999999999946  1888.2753687165985  1888.4680839149585  38.12701881247712  38.26569243231323  -1592.3300412100596  -1592.3046443143212  4.9948932040919685  5.023055185293403
1.2899999999999945  1888.6566389047232  1888.8479673668849  37.849671572804894  37.988345192641006  -1592.2800922780186  -1592.2549770020921  4.938569241689099  4.966731222890534
1.2949999999999944  1889.0351356204512  1889.2250773464145  37.57232433313267  37.71099795296878  -1592.2307065856019  -1592.2058729294874  4.88224527928623  4.9104072604876645
1.2999999999999943  1889.4108588637826  1889.5994138535475  37.294977093460446  37.43365071329656  -1592.1818841328088  -1592.1573320965065  4.825921316883361  4.854083298084795
1.3049999999999942  1889.7838086347172  1889.9709768882835  37.01762985378822  37.156303473624334  -1592.13362491964  -1592.1093545031495  4.769597354480491  4.797759335681926
1.309999999999994  1890.153984933255  1890.339766450623  36.740282614116  36.87895623395211  -1592.0859289460952  -1592.0619401494168  4.713273392077622  4.741435373279057
1.314999999999994  1890.5213877593962  1890.705782540566  36.462935374443774  36.601608994279886  -1592.0387962121742  -1592.015089035308  4.656949429674753  4.685111410876187
1.3199999999999938  1890.8860171131407  1891.069025158112  36.18558813477155  36.32426175460766  -1591.9922267178774  -1591.968801160823  4.600625467271883  4.628787448473318
1.3249999999999937  1891.2478729944885  1891.4294943032614  35.908240895099325  36.04691451493544  -1591.9462204632048  -1591.9230765259624  4.544301504869014  4.572463486070449
1.3299999999999936  1891.6069554034395  1891.7871899760141  35.6308936554271  35.76956727526321  -1591.9007774481563  -1591.877915130726  4.487977542466145  4.516139523667579
1.3349999999999935  1891.9632643399939  1892.1421121763701  35.35354641575488  35.49222003559099  -1591.8558976727315  -1591.8333169751131  4.4316535800632755  4.45981556126471
1.3399999999999934  1892.3167998041515  1892.4942609043294  35.07619917608265  35.214872795918765  -1591.811581136931  -1591.7892820591246  4.375329617660406  4.403491598861841
1.3449999999999933  1892.6675617959124  1892.843636159892  34.79885193641043  34.93752555624654  -1591.7678278407545  -1591.7458103827603  4.319005655257537  4.3471676364589715
1.3499999999999932  1893.0155503152766  1893.1902379430578  34.521504696738205  34.66017831657432  -1591.7246377842018  -1591.7029019460194  4.262681692854668  4.290843674056102
1.354999999999993  1893.3607653622441  1893.534066253827  34.24415745706598  34.38283107690209  -1591.6820109672733  -1591.660556748903  4.206357730451798  4.234519711653233
1.359999999999993  1893.703206936815  1893.8751210921994  33.96681021739376  34.10548383722987  -1591.639947389969  -1591.6187747914107  4.150033768048929  4.178195749250364
1.3649999999999929  1894.042875038989  1894.213402458175  33.68946297772153  33.828136597557645  -1591.5984470522883  -1591.577556073542  4.09370980564606  4.121871786847494
1.3699999999999928  1894.3797696687664  1894.548910351754  33.41211573804931  33.55078935788542  -1591.5575099542318  -1591.5369005952975  4.03738584324319  4.065547824444625
1.3749999999999927  1894.713890826147  1894.8816447729364  33.134768498377085  33.2734421182132  -1591.5171360957995  -1591.4968083566773  3.9810618808403206  4.009223862041756
1.3799999999999926  1895.045238511131  1895.211605721722  32.85742125870486  32.99609487854097  -1591.477325476991  -1591.4572793576808  3.9247379184374505  3.9528998996388856
1.3849999999999925  1895.3738127237182  1895.5387931981109  32.58007401903264  32.71874763886875  -1591.4380780978065  -1591.4183135983083  3.8684139560345803  3.8965759372360154
1.3899999999999924  1895.6996134639087  1895.863207202103  32.30272677936041  32.441400399196525  -1591.3993939582463  -1591.37991107856  3.81208999363171  3.840251974833145
1.3949999999999922  1896.0226407317025  1896.1848477336985  32.02537953968819  32.1640531595243  -1591.3612730583097  -1591.3420717984357  3.75576603122884  3.783928012430275
1.3999999999999921  1896.3428945270996  1896.5037147928972  31.748032300015964  31.886705919852076  -1591.3237153979974  -1591.3047957579352  3.6994420688259697  3.727604050027405
1.404999999999992  1896.6603748501  1896.8198083796992  31.47068506034374  31.609358680179852  -1591.2867209773092  -1591.268082957059  3.6431181064230995  3.6712800876245346
1.409999999999992  1896.9750817007032  1897.133128494104  31.193337820671516  31.332011440507628  -1591.2502897962452  -1591.2319333958071  3.5867941440202293  3.6149561252216644
1.4149999999999918  1897.2870150789097  1897.4436751361122  30.915990580999292  31.054664200835404  -1591.2144218548049  -1591.1963470741787  3.530470181617359  3.5586321628187942
1.4199999999999917  1897.5961749847195  1897.7514483057237  30.638643341327068  30.77731696116318  -1591.1791171529887  -1591.1613239921746  3.474146219214489  3.502308200415924
1.4249999999999916  1897.9025614181326  1898.0564480029384  30.361296101654844  30.499969721490956  -1591.1443756907968  -1591.1268641497948  3.4178222568116188  3.445984238013054
1.4299999999999915  1898.206174379149  1898.3586742277564  30.08394886198262  30.222622481818732  -1591.1101974682285  -1591.0929675470384  3.3614982944087486  3.3896602756101837
1.4349999999999914  1898.5070138677686  1898.6581269801777  29.806601622310396  29.945275242146508  -1591.0765824852845  -1591.0596341839064  3.3051743320058784  3.3333363132073135
1.4399999999999913  1898.8050798839915  1898.9548062602023  29.52925438263817  29.667928002474284  -1591.0435307419646  -1591.0268640603986  3.248850369603008  3.2770123508044433
1.4449999999999912  1899.1003724278178  1899.2487120678302  29.251907142965948  29.39058076280206  -1591.0110422382684  -1590.9946571765142  3.192526407200138  3.220688388401573
1.449999999999991  1899.3928914992473  1899.5398444030614  28.974559903293724  29.113233523129836  -1590.9791169741964  -1590.9630135322543  3.136202444797268  3.164364425998703
1.454999999999991  1899.68263709828  1899.8282032658958  28.6972126636215  28.83588628345761  -1590.9477549497485  -1590.9319331276185  3.0798784823943977  3.1080404635958327
1.4599999999999909  1899.9696092249162  1900.1137886563336  28.419865423949275  28.558539043785387  -1590.9169561649244  -1590.9014159626065  3.0235545199915275  3.0517165011929626
1.4649999999999908  1900.2538078791556  1900.3966005743746  28.14251818427705  28.281191804113163  -1590.8867206197244  -1590.8714620372184  2.9672305575886573  2.9953925387900924
1.4699999999999906  1900.5352330609983  1900.676639020019  27.865170944604827  28.00384456444094  -1590.8570483141486  -1590.8420713514547  2.910906595185787  2.939068576387222
1.4749999999999905  1900.8138847704442  1900.9539039932665  27.587823704932603  27.726497324768715  -1590.8279392481966  -1590.8132439053147  2.854582632782917  2.882744613984352
1.4799999999999904  1901.0897630074935  1901.2283954941174  27.31047646526038  27.44915008509649  -1590.7993934218687  -1590.7849796987987  2.7982586703800467  2.826420651581482
1.4849999999999903  1901.362867772146  1901.5001135225716  27.033129225588155  27.171802845424267  -1590.771410835165  -1590.757278731907  2.7419347079771765  2.7700966891786116
1.4899999999999902  1901.6331990644019  1901.769058078629  26.75578198591593  26.894455605752043  -1590.7439914880854  -1590.7301410046396  2.6856107455743063  2.7137727267757414
1.4949999999999901  1901.900756884261  1902.0352291622899  26.478434746243707  26.61710836607982  -1590.7171353806295  -1590.7035665169956  2.629286783171436  2.6574487643728713
1.49999999999999  1902.1655412317234  1902.298626773554  26.201087506571483  26.339761126407595  -1590.6908425127979  -1590.677555268976  2.572962820768566  2.601124801970001
1.50499999999999  1902.427552106789  1902.5592509124212  25.92374026689926  26.06241388673537  -1590.6651128845904  -1590.6521072605806  2.516638858365696  2.544800839567131
1.5099999999999898  1902.686789509458  1902.8171015788919  25.646393027227035  25.785066647063147  -1590.6399464960066  -1590.6272224918087  2.4603148959628256  2.4884768771642607
1.5149999999999897  1902.9432534397304  1903.0721787729658  25.36904578755481  25.507719407390923  -1590.615343347047  -1590.6029009626611  2.4039909335599554  2.4321529147613905
1.5199999999999896  1903.196943897606  1903.3244824946428  25.091698547882586  25.2303721677187  -1590.5913034377115  -1590.5791426731378  2.3476669711570852  2.3758289523585203
1.5249999999999895  1903.4478608830848  1903.5740127439233  24.814351308210362  24.953024928046474  -1590.5678267679998  -1590.555947623238  2.291343008754215  2.31950498995565
1.5299999999999894  1903.696004396167  1903.820769520807  24.53700406853814  24.67567768837425  -1590.5449133379122  -1590.5333158129624  2.235019046351345  2.26318102755278
1.5349999999999893  1903.9413744368524  1904.0647528252941  24.259656828865914  24.398330448702026  -1590.5225631474489  -1590.5112472423111  2.1786950839484747  2.2068570651499098
1.5399999999999892  1904.183971005141  1904.3059626573845  23.98230958919369  24.120983209029802  -1590.5007761966092  -1590.4897419112835  2.1223711215456045  2.1505331027470396
1.544999999999989  1904.423794101033  1904.5443990170781  23.704962349521466  23.843635969357578  -1590.4795524853937  -1590.46879981988  2.0660471591427343  2.0942091403441694
1.549999999999989  1904.6608437245284  1904.780061904375  23.427615109849242  23.566288729685354  -1590.4588920138024  -1590.4484209681007  2.009723196739864  2.037885177941299
1.5549999999999888  1904.895119875627  1905.0129513192753  23.150267870177018  23.28894149001313  -1590.4387947818348  -1590.4286053559451  1.953399234336994  1.981561215538429
1.5599999999999887  1905.1266225543288  1905.2430672617788  22.872920630504794  23.011594250340906  -1590.4192607894913  -1590.4093529834136  1.8970752719341237  1.9252372531355588
1.5649999999999886  1905.355351760634  1905.4704097318856  22.59557339083257  22.734247010668682  -1590.400290036772  -1590.3906638505064  1.8407513095312535  1.8689132907326886
1.5699999999999885  1905.5813074945424  1905.6949787295957  22.318226151160346  22.456899770996458  -1590.381882523677  -1590.3725379572234  1.7844273471283834  1.8125893283298184
1.5749999999999884  1905.8044897560542  1905.9167742549091  22.04087891148812  22.179552531324234  -1590.3640382502056  -1590.3549753035638  1.7281033847255132  1.7562653659269483
1.5799999999999883  1906.0248985451692  1906.1357963078258  21.763531671815898  21.90220529165201  -1590.3467572163584  -1590.3379758895287  1.671779422322643  1.699941403524078
1.5849999999999882  1906.2425338618875  1906.3520448883457  21.486184432143673  21.624858051979786  -1590.3300394221353  -1590.3215397151178  1.6154554599197728  1.643617441121208
1.589999999999988  1906.4573957062091  1906.565519996469  21.20883719247145  21.34751081230756  -1590.313884867536  -1590.3056667803303  1.5591314975169026  1.5872934787183377
1.594999999999988  1906.669484078134  1906.7762216321955  20.931489952799225  21.070163572635337  -1590.2982935525608  -1590.2903570851672  1.5028075351140324  1.5309695163154675
1.5999999999999879  1906.8787989776622  1906.9841497955254  20.654142713127  20.792816332963113  -1590.2832654772099  -1590.2756106296283  1.4464835727111622  1.4746455539125973
1.6049999999999878  1907.0853404047937  1907.1893044864585  20.376795473454777  20.51546909329089  -1590.2688006414826  -1590.261427413713  1.390159610308292  1.4183215915097271
1.6099999999999877  1907.2891083595284  1907.3916857049949  20.099448233782553  20.238121853618665  -1590.2548990453795  -1590.247807437422  1.3338356479054219  1.361997629106857
1.6149999999999876  1907.4901028418665  1907.5912934511346  19.82210099411033  19.96077461394644  -1590.2415606889006  -1590.234750700755  1.2775116855025517  1.3056736667039868
1.6199999999999875  1907.6883238518074  1907.788127724877  19.544753754438105  19.683427374274217  -1590.2287855720454  -1590.222257203712  1.2211877230996815  1.2493497043011166
1.6249999999999873  1907.8837713893515  1907.982188526223  19.26740651476588  19.406080134601993  -1590.2165736948143  -1590.2103269462928  1.1648637606968113  1.1930257418982464
1.6299999999999872  1908.076445454499  1908.173475855172  18.990059275093657  19.12873289492977  -1590.2049250572074  -1590.198959928498  1.1085397982939411  1.1367017794953762
1.6349999999999871  1908.2663460472497  1908.3619897117244  18.712712035421433  18.851385655257545  -1590.1938396592243  -1590.188156150327  1.052215835891071  1.080377817092506
1.639999999999987  1908.4534731676038  1908.54773009588  18.43536479574921  18.57403841558532  -1590.1833175008653  -1590.1779156117798  0.9958918734882007  1.0240538546896358
1.644999999999987  1908.637826815561  1908.730697007639  18.158017556076985  18.296691175913097  -1590.1733585821305  -1590.168238312857  0.9395679110853306  0.9677298922867656
1.6499999999999868  1908.8194069911217  1908.9108904470013  17.88067031640476  18.019343936240872  -1590.1639629030199  -1590.1591242535585  0.8832439486824604  0.9114059298838955
1.6549999999999867  1908.9982136942856  1909.0883104139668  17.603323076732536  17.74199669656865  -1590.155130463533  -1590.1505734338834  0.8269199862795902  0.8550819674810253
1.6599999999999866  1909.1742469250528  1909.2629569085357  17.325975837060312  17.464649456896424  -1590.1468612636702  -1590.1425858538328  0.77059602387672  0.7987580050781551
1.6649999999999865  1909.3475066834233  1909.4348299307078  17.04862859738809  17.1873022172242  -1590.1391553034316  -1590.1351615134063  0.7142720614738498  0.7424340426752849
1.6699999999999864  1909.517992969397  1909.6039294804832  16.771281357715864  16.909954977551976  -1590.1320125828167  -1590.1283004126033  0.6579480990709796  0.6861100802724147
1.6749999999999863  1909.685705782974  1909.770255557862  16.49393411804364  16.632607737879752  -1590.125433101826  -1590.1220025514247  0.6016241366681094  0.6297861178695445
1.6799999999999862  1909.8506451241544  1909.933808162844  16.216586878371416  16.355260498207528  -1590.1194168604595  -1590.1162679298702  0.5453001742652392  0.5734621554666743
1.684999999999986  1910.012810992938  1910.0945872954292  15.939239638699192  16.077913258535304  -1590.1139638587167  -1590.1110965479393  0.48897621186236906  0.5171381930638042
1.689999999999986  1910.172203389325  1910.2525929556177  15.661892399026968  15.80056601886308  -1590.109074096598  -1590.1064884056327  0.43265224945949887  0.46081423066093397
1.6949999999999859  1910.3288223133152  1910.4078251434096  15.384545159354744  15.523218779190856  -1590.1047475741036  -1590.1024435029503  0.37632828705662874  0.40449026825806383
1.6999999999999857  1910.4826677649087  1910.5602838588047  15.10719791968252  15.245871539518632  -1590.1009842912329  -1590.0989618398917  0.3200043246537586  0.3481663058551937
1.7049999999999856  1910.6337397441055  1910.7099691018032  14.829850680010296  14.968524299846408  -1590.0977842479863  -1590.096043416457  0.2636803622508884  0.2918423434523235
1.7099999999999855  1910.7820382509055  1910.8568808724049  14.552503440338072  14.691177060174184  -1590.0951474443639  -1590.0936882326466  0.2073563998480183  0.23551838104945336
1.7149999999999854  1910.927563285309  1911.0010191706099  14.275156200665847  14.41382982050196  -1590.0930738803652  -1590.09189628846  0.15103243744514816  0.17919441864658323
1.7199999999999853  1911.0703148473156  1911.1423839964182  13.997808960993623  14.136482580829735  -1590.0915635559907  -1590.0906675838974  0.09470847504227803  0.1228704562437131
1.7249999999999852  1911.2102929369255  1911.2809753498298  13.7204617213214  13.859135341157511  -1590.0906164712403  -1590.090002118959  0.0383845126394079  0.06654649384084296
1.729999999999985  1911.3474975541387  1911.4167932308444  13.443114481649175  13.581788101485287  -1590.0902326261141  -1590.089899893645  -0.017939449763462234  0.010222531437972832
1.734999999999985  1911.4819286989552  1911.5498376394626  13.165767241976951  13.304440861813063  -1590.090322323363  -1590.0901815134569  -0.07426341216633237  -0.0461014309648973
1.738103912789613  1911.588622928493  1911.6551451328019  12.94100745770218  13.079681077538291  -1590.0907833376725  -1590.0905528305177  -0.11990786009424634  -0.09174587889281127
1.7419295952269735  1911.7028361507341  1911.7682345561218  12.69622959147962  12.834903211315732  -1590.0917007964615  -1590.091242067067  -0.1696176006724036  -0.14145561947096852
1.7460994342917346  1911.8192585328172  1911.8834330488737  12.441906636194616  12.580580256030728  -1590.093115352656  -1590.0924080745588  -0.2212657677448012  -0.19310378654336613
1.7504630506909529  1911.9357597738335  1911.9986626751136  12.182209320027342  12.320882939863454  -1590.0950463905212  -1590.0940808715886  -0.27400536554724786  -0.24584338434581282
1.754949155987738  1912.0513214941907  1912.11292590889  11.919114808097  12.057788427933112  -1590.0975048243647  -1590.096275607443  -0.3274348693558274  -0.2992728881543923
1.759519116553379  1912.1653869528816  1912.2256758950214  11.65369459343174  11.792368213267853  -1590.1004975532462  -1590.0990011888055  -0.381336679265439  -0.353174698064004
1.7641498630467969  1912.2776207312227  1912.336582572289  11.386588497838503  11.525262117674615  -1590.1040293002268  -1590.1022634267365  -0.4355808596061228  -0.4074188784046877
1.7688265937779533  1912.3878056820627  1912.445431992651  11.118207042104745  11.256880661940857  -1590.108103489011  -1590.106066394619  -0.49008404139455747  -0.4619220601931224
1.773539275901602  1912.4957932928476  1912.5520776961573  10.848828484423974  10.987502104260086  -1590.1127227096129  -1590.110413099312  -0.544789715670899  -0.5166277344694639
1.7782808093741387  1912.6014775186663  1912.6564150291877  10.57864974254571  10.717323362381823  -1590.1178889869577  -1590.1153058482853  -0.5996578921762448  -0.5714959109748097
1.7830459923095352  1912.7047799686118  1912.7583665854236  10.307815089343059  10.446488709179171  -1590.1236039460675  -1590.1207464665126  -0.6546592718272867  -0.6264972906258516
1.7878309034655109  1912.8056410234733  1912.857873467019  10.03643327938828  10.175106899224392  -1590.1298689189737  -1590.1267364325206  -0.7097717686337462  -0.6816097874323112
1.7926325158820229  1912.904014252522  1912.9548897870181  9.764588264582617  9.903261884418729  -1590.136685016848  -1590.133276967911  -0.7649783335572595  -0.7368163523558244
1.7974484454321418  1912.9998627630132  1913.0493790724354  9.492346168028368  9.63101978786448  -1590.1440531803717  -1590.1403690986099  -0.8202655382502715  -0.7921035570488364
1.802276781623971  1913.0931567324017  1913.141311831341  9.219759976690918  9.35843359652703  -1590.1519742159423  -1590.148013698157  -0.875622622065408  -0.8474606408639729
1.8071159704452067  1913.1838716916989  1913.2306638596815  8.94687279067257  9.085546410508682  -1590.1604488223509  -1590.1562115191466  -0.931040832189609  -0.9028788509881739
1.8119647312072067  1913.2719873013823  1913.3174150334348  8.673720129519287  8.8123937493554  -1590.169477610861  -1590.1649632166059  -0.9865129552769845  -0.9583509740755494
1.8168219962281535  1913.3574864594166  1913.4015484281633  8.400331605091571  8.539005224927683  -1590.1790611206018  -1590.1742693657313  -1.042032977720478  -1.0138709965190429
1.8216868662380115  1913.4403546387405  1913.4830496648651  8.126732158395633  8.265405778231745  -1590.189199830567  -1590.1841304755844  -1.0975958344749215  -1.0694338532734864
1.8265585768426034  1913.5205793867692  1913.5619064156604  7.852942989692973  7.9916166095290855  -1590.1998941690997  -1590.1945469998334  -1.1531972201694267  -1.1250352389679916
1.8314364729183619  1913.5981499415104  1913.638108024558  7.578982268654904  7.7176558884910165  -1590.2111445214894  -1590.2055193452945  -1.2088334448884743  -1.1806714636870392
1.8363199887934374  1913.6730569330796  1913.711645212522  7.304865684034022  7.443539303870134  -1590.2229512361262  -1590.2170478788078  -1.264501322544067  -1.236339341342632
1.8412086327169377  1913.7452921487381  1913.7825098452574  7.030606874405589  7.169280494241701  -1590.2353146295397  -1590.229132932833  -1.3201980834003273  -1.2920361021988922
1.846101974551184  1913.814848345849  1913.8506947483202  6.756217769519398  6.89489138935551  -1590.2482349905615  -1590.2417748100506  -1.3759213047514098  -1.3477593235499747
1.8509996359177745  1913.8817191014505  1913.9161935583973  6.481708863595967  6.6203824834320795  -1590.2617125837971  -1590.2549737871793  -1.4316688554202286  -1.4035068742187935
1.8559012822339083  1913.945898690142  1913.9790006025592  6.2070894361969335  6.345763056033046  -1590.2757476525392  -1590.2687301181682  -1.487438850903872  -1.459276869702437
1.860806616220632  1914.007381984093  1914.039110799373  5.932367732272002  6.071041352108114  -1590.2903404212364  -1590.2830440368878  -1.5432296168094826  -1.5150676356080475
1.8657153725687001  1914.0661643705193  1914.0965195772799  5.657551110099871  5.796224729935983  -1590.3054910975923  -1590.2979157594143  -1.5990396588102613  -1.5708776776088262
1.8706273135232403  1914.12224168307  1914.1512228067195  5.3826461637462915  5.5213197835824035  -1590.3211998743684  -1590.3133454859803  -1.6548676377765605  -1.6267056565751254
1.8755422252039131  1914.1756101443918  1914.2032167433097  5.107658825123439  5.246332444959551  -1590.337466930934  -1590.3293334026512  -1.7107123490495606  -1.6825503678481255
1.8804599145184928  1914.2262663177444  1914.2524979799691  4.832594449590898  4.97126806942701  -1590.3542924346123  -1590.345879682773  -1.7665727050573343  -1.7384107238558992
1.8853802065587784  1914.2742070659965  1914.2990634063437  4.557457888179342  4.696131508015454  -1590.371676541851  -1590.3629844882316  -1.8224477206475884  -1.7942857394461533
1.8903029423912459  1914.3194295166884  1914.3429101742286  4.282253548866187  4.420927168702299  -1590.3896193992452  -1590.3806479705481  -1.87833650064374  -1.850174519442305
1.8952279771728417  1914.3619310321044  1914.384035667948  4.006985448833544  4.145659068669656  -1590.4081211444397  -1590.3988702718425  -1.9342382292323186  -1.9060762480308835
1.900155178536211  1914.4017091835149  1914.4224374788582  3.731657259253464  3.870330879089576  -1590.4271819069202  -1590.41765152568  -1.9901521608679318  -1.9619901796664967
1.9050844251994683  1914.4387617289046  1914.4581133833  3.4562723438455594  3.5949459636816714  -1590.446801808717  -1590.4369918578186  -2.0460776124429443  -2.017915631241509
1.9100156057641005  1914.473086593632  1914.4910613234504  3.1808337922168435  3.3195074120529555  -1590.4669809650293  -1590.4568913868732  -2.1020139565167897  -2.0738519753153546
1.9149486176712904  1914.5046818535648  1914.521279390625  2.905344448807797  3.044018068643909  -1590.4877194847825  -1590.4773502249059  -2.1579606154375726  -2.1297986342361375
1.91988336629228  1914.533545720321  1914.5487658106642  2.629806938120904  2.768480557957016  -1590.5090174711247  -1590.4983684779536  -2.213917056218632  -2.185755075017197
1.9248197641326545  1914.5596765283015  1914.5735189310913  2.3542236867896116  2.4928973066257236  -1590.5308750218749  -1590.5199462464998  -2.2698827860567534  -2.2417208048553183
1.929757730133863  1914.5830727232599  1914.595537209793  2.078596942950454  2.217270562786566  -1590.5532922299233  -1590.542083625899  -2.3258573483980602  -2.297695367196625
1.9346971890580726  1914.6037328521943  1914.6148192050082  1.802928793303957  1.941602413140069  -1590.576269183595  -1590.5647807067592  -2.381840319473265  -2.35367833827183
1.9396380709447147  1914.6216555543785  1914.6313635664442  1.527221178187179  1.665894798023291  -1590.5998059669776  -1590.5880375752863  -2.437831305236725  -2.4096693240352898
1.9445803106289354  1914.636839553383  1914.6451690273732  1.2514759049293538  1.3901495247654658  -1590.6239026602177  -1590.6118543135976  -2.493829938654162  -2.4656679574527267
1.949523847313685  1914.6492836499538  1914.6562343975777  0.9756946597198746  1.1143682795559866  -1590.6485593397922  -1590.636231000005  -2.549835877292501  -2.521673896091066
1.9544686241884397  1914.6589867156424  1914.6645585570402  0.6998790181829416  0.8385526380190537  -1590.673776078753  -1590.6611677092726  -2.6058488011723617  -2.5776868199709266
1.9594145880885925  1914.6659476870918  1914.670140450282  0.4240304548242485  0.5627040746603604  -1590.6995529469525  -1590.6866645128528  -2.6618684108496122  -2.633706429648177
1.9643616891904225  1914.670165560896  1914.6729790812694  0.14815035149093658  0.28682397132704857  -1590.725890011249  -1590.7127214791008  -2.717894425697315  -2.68973244449588
1.9693098807372773  1914.6716393889703  1914.673073508827  -0.12775999503413815  0.010913624801973831  -1590.7527873356942  -1590.7393386734716  -2.7739265823634756  -2.7457646011620405
1.9742591187932148  1914.6710070743409  1914.6716939570942  -0.4036993661997515  -0.2650257463636395  -1590.7802449817057  -1590.7665161587  -2.829964633383459  -2.801802652182024
1.97754158302964  1914.6683568168771  1914.669681945609  -0.6334112255653953  -0.4947376057292834  -1590.803543252666  -1590.7895342394052  -2.8766147538090117  -2.8484527726075766
1.9814469259234895  1914.6634094408198  1914.6658831288485  -0.8803984525597809  -0.741724832723669  -1590.8290196835162  -1590.8147774196532  -2.9267731736427973  -2.8986111924413622
1.985659364226664  1914.6559921924925  1914.6597008166561  -1.1359028859633913  -0.9972292661272792  -1590.8558415909  -1590.8413485349377  -2.9786612765054734  -2.9504992953040383
1.9900489528017538  1914.6460198998313  1914.651006046162  -1.3963205332592912  -1.2576469134231791  -1590.8836691848849  -1590.8689166884083  -3.031547159893651  -3.003385178692216
1.9945523847984443  1914.633443430697  1914.6397316652642  -1.6598955964287727  -1.5212219765926607  -1590.9123384772577  -1590.8973215513643  -3.085074254541634  -3.056912273340199
1.9991346669006005  1914.618231210931  1914.625837320814  -1.925657545508128  -1.786983925672016  -1590.9417597191648  -1590.926475157798  -3.1390454642271877  -3.1108834830257526
2.0000000000000053  1914.6076299560902  1914.6165648757187  -2.088330939995939  -1.9496573201598273  -1590.9600304565206  -1590.9444760391054  -3.1720813443243077  -3.1439193631228726
