0.004807260142103512  2999.8017247688636  2999.813252705206  2.1437608487531423  2.180168179518096  256.04866644742333  256.40445676935894  -73.91022197920783  -73.85882236960335
0.009807260142103511  2999.8231623773513  2999.834063218249  2.070946187223235  2.1073535179881886  255.3098212256793  255.67937233557532  -73.80742275999886  -73.75602315039437
0.014807260142103512  2999.843871839224  2999.854408606814  1.9981315256933272  2.034538856458281  254.5720039961273  254.9410411099273  -73.70462354078988  -73.6532239311854
0.019807260142103513  2999.8638531544807  2999.874025848763  1.9253168641634193  1.9617241949283732  253.83521475876745  254.2037378764714  -73.6018243215809  -73.55042471197642
0.024807260142103514  2999.8831063231223  2999.892914944097  1.8525022026335114  1.8889095333984653  253.09945351359966  253.46746263520757  -73.49902510237193  -73.44762549276744
0.029807260142103515  2999.901631345149  2999.911075892816  1.7796875411036035  1.8160948718685574  252.36472026062395  252.7322153861358  -73.39622588316296  -73.34482627355847
0.034807260142103516  2999.9194282205603  2999.92850869492  1.7068728795736956  1.7432802103386495  251.63101499984035  251.99799612925617  -73.29342666395398  -73.24202705434949
0.039807260142103514  2999.936496949356  2999.9452133504074  1.6340582180437877  1.6704655488087417  250.89833773124883  251.2648048645686  -73.190627444745  -73.13922783514052
0.04480726014210351  2999.9528375315363  2999.9611898592802  1.5612435565138798  1.5976508872788338  250.1666884548494  250.53264159207313  -73.08782822553603  -73.03642861593154
0.04980726014210351  2999.9684499671016  2999.976438221538  1.488428894983972  1.5248362257489259  249.43606717064208  249.80150631176974  -72.98502900632705  -72.93362939672257
0.054807260142103506  2999.983334256052  2999.990958437181  1.415614233454064  1.452021564219018  248.70647387862684  249.07139902365847  -72.88222978711808  -72.83083017751359
0.059807260142103504  2999.997490398386  3000.004750506207  1.342799571924156  1.37920690268911  247.97790857880366  248.34231972773927  -72.7794305679091  -72.72803095830461
0.0648072601421035  3000.0109183941054  3000.0178144286187  1.2699849103942482  1.3063922411592022  247.2503712711726  247.61426842401215  -72.67663134870013  -72.62523173909564
0.0698072601421035  3000.0236182432095  3000.0301502044153  1.1971702488643403  1.2335775796292943  246.52386195573362  246.88724511247713  -72.57383212949115  -72.52243251988666
0.07480726014210351  3000.0355899456986  3000.041757833597  1.1243555873344324  1.1607629180993864  245.79838063248673  246.16124979313417  -72.47103291028218  -72.41963330067769
0.07980726014210351  3000.0468335015717  3000.052637316162  1.0515409258045245  1.0879482565694785  245.07392730143192  245.43628246598334  -72.3682336910732  -72.31683408146871
0.08480726014210352  3000.0573489108297  3000.0627886521124  0.9787262642746166  1.0151335950395706  244.3505019625692  244.71234313102457  -72.26543447186422  -72.21403486225974
0.08980726014210352  3000.0671361734726  3000.072211841448  0.9059116027447087  0.9423189335096627  243.6281046158986  243.98943178825792  -72.16263525265525  -72.11123564305076
0.09480726014210353  3000.0761952895004  3000.080906884168  0.8330969412148008  0.8695042719797548  242.90673526142007  243.26754843768333  -72.05983603344627  -72.00843642384179
0.09980726014210353  3000.0845262589123  3000.088873780272  0.7602822796848929  0.7966896104498469  242.18639389913363  242.54669307930087  -71.9570368142373  -71.90563720463281
0.10480726014210354  3000.092129081709  3000.0961125297613  0.687467618154985  0.723874948919939  241.46708052903927  241.82686571311046  -71.85423759502832  -71.80283798542384
0.10980726014210354  3000.099003757891  3000.1026231326355  0.6146529566250771  0.6510602873900311  240.74879515113702  241.10806633911216  -71.75143837581935  -71.70003876621486
0.11480726014210355  3000.1051502874575  3000.1084055888946  0.5418382950951692  0.5782456258601232  240.03153776542683  240.39029495730594  -71.64863915661037  -71.59723954700588
0.11980726014210355  3000.110568670408  3000.1134598985373  0.46902363356526133  0.5054309643302153  239.31530837190877  239.67355156769182  -71.5458399374014  -71.49444032779691
0.12480726014210355  3000.1152589067437  3000.1177860615653  0.39620897203535344  0.4326163028003074  238.60010697058277  238.9578361702698  -71.44304071819242  -71.39164110858793
0.12980726014210356  3000.1192209964643  3000.1213840779783  0.32339431050544554  0.3598016412703995  237.88593356144887  238.24314876503982  -71.34024149898345  -71.28884188937896
0.13480726014210356  3000.1224549395697  3000.124253947776  0.25057964897553764  0.2869869797404916  237.17278814450705  237.52948935200197  -71.23744227977447  -71.18604267016998
0.13980726014210357  3000.124960736059  3000.1263956709577  0.17776498744562974  0.2141723182105837  236.46067071975733  236.8168579311562  -71.1346430605655  -71.083243450961
0.14480726014210357  3000.1267383859335  3000.1278092475245  0.10495032591572186  0.1413576566806758  235.7495812871997  236.10525450250253  -71.03184384135652  -70.98044423175203
0.14980726014210358  3000.127787889193  3000.1284946774763  0.03213566438581399  0.06854299515076792  235.03951984683417  235.39467906604094  -70.92904462214754  -70.87764501254306
0.15480726014210358  3000.128109245837  3000.128451960813  -0.04067899714409388  -0.004271666379139942  234.33048639866072  234.68513162177146  -70.82624540293857  -70.77484579333408
0.15744579529142927  3000.1276810975332  3000.1279805545414  -0.13270606305729332  -0.0962987322923394  233.43599602241355  233.79014149073345  -70.69632224840899  -70.6449226388045
0.1610740670551227  3000.1267181102103  3000.1271996038718  -0.19553253186343317  -0.15912520109847922  232.82626593940867  233.17967704435486  -70.60762428836594  -70.55622467876145
0.16514308819400966  3000.125126858199  3000.1259224842047  -0.26156830232699646  -0.22516097156204254  232.18618090021891  232.53917116971073  -70.51439545915922  -70.46299584955473
0.16944714509920303  3000.122875248483  3000.124001053341  -0.3293154777676621  -0.2929081470027082  231.5303679502796  231.88290415637204  -70.41875048062624  -70.36735087102176
0.1738943722533631  3000.119946167013  3000.121410707748  -0.3981051425302941  -0.36169781176534016  230.86536301662505  231.2174283567197  -70.3216337231125  -70.27023411350801
0.1784371145232374  3000.116329188895  3000.118137677954  -0.46759029737509833  -0.4311829666101444  230.19455878805692  230.54614345380367  -70.22353507766695  -70.17213546806246
0.1830478065011363  3000.112017359229  3000.114173274062  -0.5375702257189892  -0.5011628949540352  229.5199190208743  229.87101668598228  -70.12473791452835  -70.07333830492387
0.18770917789948469  3000.1070057302795  3000.1095115447542  -0.6079191745475361  -0.5715118437825821  228.84267488171824  229.19328116591296  -70.02541977090455  -69.97402016130006
0.192409735701498  3000.1012906118413  3000.1041481710604  -0.6785534578480267  -0.6421461270830727  228.16364624766837  228.5137579553108  -69.9256987941107  -69.87429918450621
0.19714146405433539  3000.09486915057  3000.0980798812056  -0.749414708459313  -0.7130073776943591  227.48340534016978  227.8330200450824  -69.82565738648815  -69.77425777688366
0.201898558955503  3000.087739076793  3000.0913041136814  -0.8204606647336838  -0.7840533339687299  226.8023667725614  227.15148257426662  -69.72535521272935  -69.67395560312487
0.20667668768043845  3000.079898543453  3000.083818810123  -0.8916597780838883  -0.8552524473189344  226.12084027194751  226.46945564391424  -69.62483681290453  -69.57343720330005
0.21147253284661163  3000.07134601898  3000.0756222812165  -0.9629878931013168  -0.9265805623363629  225.43906314885626  225.78717683944203  -69.52413628944707  -69.47273667984258
0.2162834996769022  3000.0620802133562  3000.066713116168  -1.0344261160041928  -0.9980187852392388  224.75722115186392  225.10483211708004  -69.42328031646318  -69.37188070685869
0.22110752127592373  3000.052100025504  3000.05709011943  -1.1059593967637187  -1.0695520659987647  224.07546234460807  224.4225697009693  -69.32229014147603  -69.27089053187154
0.2259429251303894  3000.0414045048437  3000.046752265174  -1.1775755570310056  -1.1411682262660516  223.39390662299823  223.740509613528  -69.22118295779164  -69.16978334818715
0.23078833916540578  3000.0299928225813  3000.0356986637125  -1.2492646060891577  -1.2128572753242037  222.71265241483317  223.05875038396388  -69.11997287023277  -69.06857326062828
0.23564262411597792  3000.0178642498277  3000.0239285362045  -1.3210182484186752  -1.2846109176537213  222.0317815044421  222.3773738790966  -69.01867159035461  -68.96727198075013
0.24050482385921185  3000.0050181406514  3000.0114411952395  -1.3928295220430675  -1.3564221912781136  221.35136257725338  221.69644885232577  -68.91728894702588  -68.8658893374214
0.24537412828524258  2999.9914539187384  2999.998236029695  -1.4646925281747725  -1.4282851974098185  220.67145387046648  221.01603359750013  -68.81583326811273  -68.76443365850824
0.2502498450993021  2999.9771710667646  2999.9843124927515  -1.5366022258928689  -1.500194895127915  219.9921051868351  220.3361779650684  -68.71431167035131  -68.66291206074682
0.2551313781006493  2999.9621691178136  2999.969670092289  -1.60855427398184  -1.572146943216886  219.3133594464477  219.65692491564195  -68.6127302826387  -68.5613306730342
0.26001821023508875  2999.9464476483818  2999.9543083830977  -1.6805449075290626  -1.6441375767641087  218.6352538979057  218.97831173253476  -68.51109442025164  -68.45969481064715
0.2649098902175699  2999.9300062726143  2999.938226960498  -1.7525708405177156  -1.7161635097527617  217.95782107469907  218.3003709791937  -68.40940872236523  -68.35800911276074
0.2698060218605162  2999.912844637517  2999.9214254550657  -1.8246291881213703  -1.7882218573564164  217.28108955841444  217.62313126323326  -68.30767726175682  -68.25627765215233
0.2747062554778398  2999.8949624189436  2999.9039035282303  -1.8967174041126131  -1.8603100733476592  216.6050845937143  216.94661785206998  -68.2059036331721  -68.15450402356761
0.27961028089911233  2999.8763593182102  2999.885660868577  -1.9688332299959694  -1.9324258992310155  215.92982858829853  216.2708531734085  -68.10409102513884  -68.05269141553435
0.284517821745614  2999.857035059218  2999.866697188714  -2.040974653329145  -2.004567322564191  215.25534152270112  215.59585722546242  -68.00224227880871  -67.95084266920422
0.28942863070469255  2999.8369893859926  2999.8470122226054  -2.113139873313433  -2.0767325425484793  214.5816412887349  214.92164791574424  -67.90035993653646  -67.84896032693197
0.2943424856008479  2999.8162220605673  2999.82660572328  -2.18532727218545  -2.1489199414204965  213.90874397097537  214.24824134283332  -67.79844628226888  -67.7470466726644
0.29925918610784213  2999.7947328611526  2999.80547746086  -2.257535391276475  -2.2211280605115213  213.2366640824026  213.57565203225252  -67.69650337534407  -67.64510376573958
0.3041785509804691  2999.7725215805476  2999.78362722085  -2.3297629108556737  -2.29335558009072  212.56541476286958  212.90389313513222  -67.59453307894857  -67.54313346934408
0.3091004157105768  2999.749588024747  2999.7610548026473  -2.402008633062506  -2.365601302297552  211.8950079472135  212.23297659648586  -67.49253708421337  -67.44113747460888
0.31402463053173973  2999.7259320117237  2999.7377600182353  -2.4742714673778132  -2.4378641366128595  211.22545450841247  211.56291329850492  -67.3905169307256  -67.33911732112111
0.31895105871222645  2999.701553370358  2999.713742691041  -2.546550418194121  -2.5101430874291673  210.55676438010178  210.8937131831926  -67.2884740240768  -67.23707441447232
0.32387957508774207  2999.6764519394837  2999.689002654921  -2.6188445741318525  -2.5824372433668987  209.8889466619183  210.2253853578083  -67.18640965094616  -67.13501004134167
0.3288100647946827  2999.65062756705  2999.663539753267  -2.691153098815564  -2.6547457680506104  209.22200971048133  209.55793818593412  -67.08432499212253  -67.03292538251804
0.33374242217193306  2999.624080109369  2999.6373538382095  -2.7634752228774206  -2.727067892112467  208.55596121829598  208.89137936645218  -66.98222113379396  -66.93082152418947
0.33867654980502426  2999.596809430448  2999.6104447699086  -2.8358102369972644  -2.7994029062323107  207.89080828245295  208.225716002308  -66.88009907737356  -66.82869946776907
0.3436123576910916  2999.568815401386  2999.582812415917  -2.9081574858222825  -2.871750155057329  207.22655746466702  207.56095466060432  -66.77795974808375  -66.72656013847926
0.34854976250678255  2999.540097899835  2999.5544566506105  -2.980516362636304  -2.94410903187135  206.56321484393243  206.8971014253048  -66.6758040024821  -66.62440439287761
0.3534886869642669  2999.510656809516  2999.5253773546756  -3.0528863046706083  -3.0164789739056546  205.90078606285775  206.23416194361113  -66.57363263508147  -66.52223302547698
0.35842905924293766  2999.4804920197766  2999.4955744146464  -3.125266788965877  -3.0888594582009232  205.2392763685696  205.57214146690342  -66.47144638419208  -66.42004677458759
0.36337081248638314  2999.4496034251943  2999.4650477224855  -3.1976573287094117  -3.161249997944458  204.57869064893106  204.91104488699148  -66.36924593709263  -66.31784632748814
0.36831388435584506  2999.4179909252152  2999.4337971752047  -3.2700574699836533  -3.2336501392186996  203.91903346470457  204.25087676830634  -66.26703193462069  -66.2156323250162
0.3732582166327253  2999.3856544238233  2999.4018226745193  -3.3424667888718504  -3.3060594581068967  203.2603090781921  203.59164137656595  -66.1648049752589  -66.11340536565442
0.3782037548638213  2999.3525938292423  2999.369124126533  -3.4148848888748518  -3.378477558109898  202.60252147880567  202.93334270436833  -66.06256561878195  -66.01116600917746
0.3831504480438995  2999.3188090536614  2999.335701441452  -3.4873113985997755  -3.4509040678348217  201.9456744059549  202.27598449409905  -65.96031438951962  -65.90891477991514
0.3880982483309924  2999.2843000129833  2999.3015545333224  -3.559745969686954  -3.523338638922  201.28977136958213  201.61957025848486  -65.85805177928363  -65.80665216967914
0.3930471107904558  2999.249066626594  2999.2666833197886  -3.632188274946297  -3.5957809441813433  200.6348156686298  200.96410329907664  -65.7557782499986  -65.70437864039411
0.39799699316437337  2999.213108817152  2999.231087721873  -3.704638006678217  -3.6682306759132635  199.98081040768494  200.30958672290853  -65.65349423607262  -65.60209462646813
0.4029478556633553  2999.176426510393  2999.1947676637724  -3.777094875157619  -3.7406875443926655  199.3277585120121  199.6560234575441  -65.5512001465375  -65.49980053693301
0.4078996607781746  2999.1390196349494  2999.157723072671  -3.8495586072623365  -3.8131512764973827  198.67566274115927  199.00341626469367  -65.44889636698517  -65.39749675738068
0.4128523731090165  2999.100888122184  2999.119953878567  -3.922028945229816  -3.885621614464862  198.0245257012956  198.3517677525628  -65.34658326132296  -65.29518365171847
0.4178059592104026  2999.06203190604  2999.081460014112  -3.994505645527938  -3.9580983147629842  197.37434985642065  197.701080387071  -65.24426117336779  -65.1928615637633
0.42276038745009514  2999.022450922892  2999.042241414466  -4.066988477827635  -4.030581147062681  196.72513753856663  197.0513565020628  -65.14193042829658  -65.09053081869209
0.42771562788049783  2998.9821451114212  2999.0022980171566  -4.139477224066497  -4.1030698933015435  196.0768909571004  196.40259830861748  -65.03959133396827  -64.98819172436379
0.43267165212124825  2998.941114412488  2998.9616297619546  -4.211971677593877  -4.175564346828923  195.42961220721892  195.75480790355192  -64.9372441821308  -64.88584457252631
0.43762843325185435  2998.8993587690193  2998.9202365907536  -4.284471642389122  -4.2480643116241685  194.78330327772076  195.1079872771984  -64.83488924952471  -64.78348963992022
0.4425859457133621  2998.8568781259028  2998.878118447461  -4.356976932345575  -4.320569601580622  194.13796605812615  194.4621383205309  -64.73252679889404  -64.68112718928955
0.4475441652181584  2998.8136724298865  2998.8352752778947  -4.429487370613802  -4.393080039848848  193.4936023452107  193.817262831704  -64.63015707991359  -64.5787574703091
0.4525030686671145  2998.7697416294877  2998.791707029687  -4.502002788998278  -4.465595458233325  192.85021384900898  193.17336252206186  -64.52778033004057  -64.47638072043608
0.4574626340733666  2998.725085674905  2998.7474136521964  -4.574523027402401  -4.538115696637448  192.2078021983397  192.53043902166758  -64.42539677529822  -64.37399716569374
0.46242284049210486  2998.679704517939  2998.702395096422  -4.647047933317245  -4.610640602552292  191.56636894589664  191.88849388439857  -64.32300663099758  -64.2716070213931
0.46738366795581154  2998.6335981119137  2998.6566513149264  -4.719577361350006  -4.683170030585052  190.92591557294645  191.24752859264837  -64.22061010240316  -64.16921049279867
0.47234509741445  2998.5867664116076  2998.6101822617607  -4.792111172788488  -4.755703842023534  190.28644349366866  190.6075445616699  -64.11820738534783  -64.06680777574334
0.4773071106801567  2998.539209373187  2998.5629878923974  -4.864649235198376  -4.828241904433423  189.6479540591705  189.96854314359393  -64.01579866680143  -63.964399057196935
0.48226969037603534  2998.490926954143  2998.515068163665  -4.93719142205039  -4.900784091285436  189.01044856120518  189.33052563115018  -63.91338412539709  -63.86198451579261
0.48723281988869477  2998.44191911323  2998.4664230336866  -5.009737612374683  -4.973330281609729  188.37392823561953  188.69349326111785  -63.81096393191917  -63.75956432231469
0.49219648332420585  2998.392185810414  2998.417052461822  -5.082287690440149  -5.045880359675195  187.73839426555438  188.05744721752873  -63.708538249756025  -63.657138640151544
0.497160665467187  2998.3417270068176  2998.366956408616  -5.154841545456501  -5.118434214691547  187.10384778441875  187.42238863464365  -63.606107235320586  -63.554707625716105
0.5021253517427554  2998.2905426646703  2998.316134835744  -5.227399071297223  -5.19099174053227  186.47028987865662  186.78831859972158  -63.50367103844152  -63.45227142883704
0.5070905281811061  2998.238632747265  2998.2645877059676  -5.299960166241656  -5.263552835476702  185.83772159032358  186.1552381555983  -63.401229802727315  -63.349830193122834
0.5120561813845048  2998.1859972189104  2998.2123149830877  -5.3725247327346475  -5.336117401969694  185.20614391948862  185.52314830309032  -63.298783665905646  -63.247384056301165
0.5170222984964995  2998.132636044891  2998.1593166319008  -5.445092677162379  -5.408685346397426  184.5755578264754  184.89205000323773  -63.19633276013983  -63.14493315053535
0.5219888671731745  2998.0785491914276  2998.1055926181593  -5.517663909643046  -5.481256578878092  183.9459642339555  184.26194417939922  -63.09387721232436  -63.04247760271988
0.5269558755562863  2998.023736625639  2998.051142908533  -5.59023834383125  -5.553831013066296  183.31736402890525  183.63283171921066  -62.99141714436105  -62.94001753475657
0.5319233122481358  2997.968198315508  2997.9959674705733  -5.66281589673503  -5.626408565970077  182.68975806443697  183.00471347641744  -62.88895267341736  -62.83755306381288
0.5368911662880438  2997.911934229848  2997.940066272678  -5.7353964885445725  -5.698989157779619  182.06314716151368  182.37759027259096  -62.78648391216821  -62.73508430256373
0.5418594271303084  2997.854944338271  2997.8834392840595  -5.807980042471706  -5.771572711706752  181.43753211055656  181.7514628987371  -62.6840109690226  -62.63261135941812
0.5468280846235344  2997.7972286111535  2997.826086474712  -5.880566484599388  -5.844159153834434  180.8129136729528  181.1263321168053  -62.58153394833608  -62.5301343387316
0.5517971289912323  2997.7387870196153  2997.7680078153844  -5.953155743740444  -5.91674841297549  180.18929258247124  180.50219866110552  -62.479052950610196  -62.427653341005716
0.5567665508135967  2997.6796195354855  2997.7092032775504  -6.025747751304878  -5.989340420539924  179.56666954659278  179.87906323963944  -62.37656807267981  -62.32516846307533
0.561736341010376  2997.61972613128  2997.6496728333827  -6.098342441175145  -6.061935110410191  178.94504524776107  179.25692653535236  -62.274079407889204  -62.22267979828472
0.566706490824759  2997.559106780176  2997.589416455728  -6.170939749588823  -6.134532418823869  178.32442034455966  178.6357892073112  -62.171587046257706  -62.120187436653225
0.5716769918082053  2997.4977614559875  2997.528434118082  -6.243539615028149  -6.207132284263195  177.70479547282054  178.0156518918139  -62.06909107463566  -62.01769146503118
0.5766478358061538  2997.435690133145  2997.466725794566  -6.316141978115962  -6.279734647351008  177.08617124666893  177.39651520343497  -61.96659157685131  -61.91519196724683
0.5816190149445494  2997.3728927866714  2997.404291459908  -6.388746781517597  -6.352339450752643  176.46854825950837  176.77837973601157  -61.86408863384933  -61.81268902424485
0.5865905216171332  2997.3093693921637  2997.3411310894176  -6.4613539698483375  -6.424946639083384  175.85192708495066  176.161246063574  -61.76158232382147  -61.71018271421699
0.5915623484734431  2997.245119925773  2997.2772446589684  -6.533963489586043  -6.497556158821089  175.2363082776938  175.54511474122432  -61.65907272232991  -61.60767311272543
0.5965344884074794  2997.1801443641843  2997.2126321449787  -6.606575288988615  -6.570167958223661  174.62169237435185  174.92998630596696  -61.556559902423764  -61.50516029281928
0.6015069345469901  2997.114442684602  2997.1472935243933  -6.679189318015985  -6.642781987251031  174.0080798942394  174.31586127749384  -61.45404393474925  -61.40264432514477
0.6064796802433378  2997.0480148647293  2997.0812287746658  -6.751805528256325  -6.715398197491371  173.39547134011397  173.70274015892716  -61.351524887653845  -61.300125278049364
0.6114527190619081  2996.9808608827543  2997.014437873742  -6.824423872856208  -6.788016542091254  172.7838671988789  173.090623437523  -61.249002827284876  -61.197603217680395
0.616426044773028  2996.912980717333  2996.9469208000437  -6.897044306454481  -6.860636975689527  172.1732679422491  172.4795115853375  -61.14647781768289  -61.09507820807841
0.6213996513433592  2996.8443743475764  2996.8786775324547  -6.9696667851195935  -6.93325945435464  171.56367402738206  171.8694050598585  -61.04394992087015  -60.99255031126567
0.6263735329277395  2996.7750417530324  2996.8097080503044  -7.042291266290197  -7.005883935525243  170.9550858974765  171.26030430460446  -60.941419196934454  -60.890019587329974
0.6313476838614425  2996.7049829136768  2996.7400123333546  -7.114917708718776  -7.0785103779538225  170.34750398234024  170.652209749693  -60.838885704108755  -60.787486094504274
0.6363220986528318  2996.634197809897  2996.669590361787  -7.187546072418169  -7.151138741653215  169.74092869892954  170.04512181238036  -60.736349498846636  -60.684949889242155
0.6412967719763848  2996.5626864224805  2996.598442116189  -7.260176318610759  -7.223768987845805  169.13536045186143  169.4390408975744  -60.633810635894065  -60.582411026289584
0.6462716986660634  2996.490448732602  2996.5265675775413  -7.332808409680218  -7.296401078915264  168.53079963390056  168.83396739832168  -60.531269168357504  -60.47986955875302
0.6512468737090136  2996.417484721813  2996.4539667272074  -7.405442309125617  -7.369034978360664  167.9272466264223  168.22990169627096  -60.4287251477687  -60.37732553816422
0.6562222922395717  2996.343794372029  2996.380639546921  -7.478077981517794  -7.44167065075284  167.32470179985324  167.62684416211417  -60.3261786241463  -60.27477901454182
0.6611979495335616  2996.2693776655215  2996.3065860187753  -7.550715392457817  -7.514308061692863  166.72316551409077  167.02479515600592  -60.22362964605446  -60.17223003644998
0.6661738410028644  2996.1942345849047  2996.231806125213  -7.623354508537455  -7.586947177772501  166.12263811890227  166.42375502796347  -60.12107826065869  -60.06967865105421
0.671149962190247  2996.118365113127  2996.156299849016  -7.695995297301516  -7.659587966536562  165.52311995430586  165.8237241182475  -60.018524513779  -59.96712490417452
0.6761263087644337  2996.0417692334613  2996.080067173294  -7.768637727211961  -7.732230396447007  164.9246113509331  165.22470275772514  -59.91596844994056  -59.86456884033608
0.6811028765154067  2995.964446929497  2996.0031080814792  -7.8412817676136894  -7.804874436848736  164.32711263037515  164.62669126821638  -59.81341011242202  -59.76201050281754
0.6860796613499248  2995.886398185129  2995.925422557313  -7.9139273887019055  -7.877520057936952  163.73062410551276  164.02968996282442  -59.71084954330159  -59.65944993369711
0.6910566592872467  2995.80762298455  2995.8470105848396  -7.986574561490974  -7.95016723072602  163.13514608083153  163.433699146251  -59.60828678350098  -59.5568871738965
0.6960338664550477  2995.7281213122433  2995.7678721483967  -8.059223257784694  -8.02281592701974  162.54067885272286  162.8387191150977  -59.50572187282738  -59.4543222632229
0.7010112790855206  2995.6478931529728  2995.688007232608  -8.131873450147905  -8.095466119382952  161.94722270977152  162.2447501581537  -59.40315485001355  -59.35175524040907
0.7059888935116501  2995.566938491779  2995.607415822376  -8.20452511187936  -8.168117781114406  161.35477793303045  161.65179255667076  -59.30058575275613  -59.24918614315165
0.710966706163651  2995.485257313968  2995.5260979028735  -8.277178216985787  -8.240770886220833  160.76334479628355  161.0598465846263  -59.19801461775223  -59.14661500814775
0.7159447135655634  2995.402849605106  2995.444053459537  -8.349832740157105  -8.313425409392151  160.1729235662971  160.4689125089749  -59.09544148073444  -59.04404187112996
0.7209229123319951  2995.319715351012  2995.361282478059  -8.422488656742692  -8.386081325977738  159.58351450306031  159.8789905898891  -58.99286637650434  -58.94146676689986
0.7259012991650033  2995.235854537752  2995.277784944382  -8.495145942728689  -8.458738611963735  158.9951178600156  159.29008108098978  -58.890289338964514  -58.838889729360034
0.7308798708511107  2995.151267151632  2995.193560844692  -8.567804574716272  -8.531397243951318  158.40773388427917  158.70218422956702  -58.78771040114926  -58.73631079154478
0.7358586242584466  2995.0659531791925  2995.1086101654123  -8.640464529900829  -8.604057199135875  157.82136281685226  158.11530027679143  -58.68512959525397  -58.63372998564949
0.7408375563340086  2994.979912607201  2995.022932893197  -8.713125786052027  -8.676718455287073  157.23600489282367  157.52942945791688  -58.582546952663265  -58.531147343058784
0.745816664101038  2994.8931454226486  2994.936529014925  -8.785788321494698  -8.749380990729744  156.65166034156402  156.9445720024747  -58.479962503977994  -58.42856289437351
0.7507959446565028  2994.8056516127417  2994.849398517695  -8.858452115090515  -8.822044784325561  156.06832938691178  156.36072813446032  -58.377376279041094  -58.32597666943661
0.7557753951686849  2994.7174311648987  2994.76154138882  -8.931117146220414  -8.89470981545546  155.48601224735208  155.77789807251165  -58.274788306962414  -58.22338869735793
0.7607550128748638  2994.628484066744  2994.6729576158214  -9.003783394767742  -8.967376064002789  154.9047091361881  155.196082030081  -58.1721986161425  -58.12079900653802
0.7657347950790947  2994.538810306104  2994.583647186424  -9.07645084110207  -9.040043510337116  154.32442026170577  154.61528021559965  -58.06960723429546  -58.01820762469098
0.7707147391500745  2994.448409871001  2994.4936100885525  -9.149119466063649  -9.112712135298695  153.74514582733175  154.03549283263632  -57.96701418847088  -57.915614578866396
0.7756948425190927  2994.357282749648  2994.4028463103245  -9.221789250948504  -9.18538192018355  153.1668860317855  153.4567200800488  -57.86441950507489  -57.81301989547041
0.7806751026780628  2994.2654289304464  2994.3113558400473  -9.294460177494088  -9.258052846729134  152.5896410692251  152.87896215213036  -57.761823209890444  -57.710423600285964
0.7856555171776305  2994.1728484019795  2994.219138666213  -9.367132227865508  -9.330724897100554  152.01341112938766  152.30221923875004  -57.65922532809671  -57.60782571849223
0.7906360836253546  2994.079541153009  2994.126194777494  -9.439805384642286  -9.403398053877332  151.4381963977243  151.7264915254878  -57.55662588428779  -57.50522627468331
0.7956167996839589  2993.9855071724705  2994.0325241627397  -9.512479630805624  -9.47607230004067  150.86399705552995  151.15177919376433  -57.4540249024907  -57.40262529288622
0.8005976630696491  2993.8907464494705  2993.9381268109705  -9.585154949726151  -9.548747618961198  150.29081328006816  150.57808242096613  -57.35142240618267  -57.30002279657819
0.8055786715504948  2993.7952589732813  2993.843002711376  -9.657831325152143  -9.62142399438719  149.71864524469152  150.00540138056576  -57.24881841830777  -57.19741880870329
0.8105598229448714  2993.6990447333374  2993.7471518533093  -9.730508741198173  -9.69410141043322  149.14749311895721  149.43373624223779  -57.14621296129293  -57.09481335168845
0.8155411151199604  2993.602103719233  2993.6505742262852  -9.803187182334195  -9.766779851569241  148.5773570687387  148.86308717197028  -57.043606057063364  -56.992206447458884
0.820522545990305  2993.5044359207177  2993.5532698199754  -9.875866633375027  -9.839459302610074  148.00823725633296  148.29345433217227  -56.9409977270574  -56.88959811745292
0.8255041135164187  2993.406041327692  2993.455238624205  -9.948547079470215  -9.912139748705261  147.44013384056407  147.7248378817774  -56.8383879922408  -56.786988382636316
0.8304858157034446  2993.3069199302054  2993.3564806289487  -10.021228506094278  -9.984821175329325  146.87304697688293  147.15723797634368  -56.73577687312053  -56.68437726351605
0.8354676505998633  2993.2070717184524  2993.256995824329  -10.093910899037294  -10.05750356827234  146.30697681746344  146.5906547681498  -56.633164389758065  -56.581764780153584
0.8404496162962474  2993.10649668277  2993.156784200611  -10.16659424439583  -10.130186913630876  145.74192351129523  146.02508840628784  -56.53055056178217  -56.47915095217769
0.8454317109240599  2993.0051948136334  2993.0558457482016  -10.239278528564197  -10.202871197799244  145.1778872042732  145.46053903675298  -56.42793540840126  -56.37653579879678
0.8504139326544956  2992.903166101655  2992.9541804576443  -10.311963738226014  -10.27555640746106  144.61486803928386  144.89700680252975  -56.32531894841531  -56.27391933881083
0.8553962796973629  2992.8004105375803  2992.8517883196178  -10.38464986034606  -10.348242529581107  144.05286615628862  144.33449184367558  -56.22270120022734  -56.17130159062286
0.860378750300005  2992.6969281122847  2992.7486693249325  -10.457336882162425  -10.420929551397471  143.49188169240426  143.7729942974012  -56.120082181854535  -56.068682572250054
0.8653613427462582  2992.5927188167707  2992.6448234645277  -10.530024791178919  -10.493617460413965  142.9319147819806  143.2125142981484  -56.01746191093892  -55.96606230133444
0.8703440553554462  2992.487782642166  2992.5402507294684  -10.602713575157756  -10.566306244392802  142.37296555667555  142.65305197766514  -55.91484040475772  -55.86344079515324
0.875326886481409  2992.382119579722  2992.434951110944  -10.675403222112477  -10.638995891347523  141.8150341455277  142.0946074650781  -55.812217680233324  -55.760818070628844
0.8803098345115642  2992.2757296208083  2992.328924600265  -10.748093720301117  -10.711686389536164  141.25812067502625  141.53718088696283  -55.70959375394296  -55.65819414433848
0.8852928978660006  2992.168612756913  2992.2221711888606  -10.82078505821961  -10.784377727454656  140.70222526917874  140.98077236741148  -55.606968642127995  -55.555569032523515
0.890276074996602  2992.060768979638  2992.1146908682754  -10.893477224595395  -10.857069893830442  140.1473480495766  140.4253820280983  -55.504342360702935  -55.452942751098455
0.8952593643861999  2991.9521982807  2992.006483630169  -10.966170208381264  -10.92976287761631  139.5934891354584  139.87100998834308  -55.40171492526416  -55.35031531565968
0.9002427645477544  2991.8429006519236  2991.897549466312  -11.038863998749386  -11.002456667984433  139.04064864377114  139.31765636517227  -55.29908635109832  -55.24768674149384
0.9052262740235624  2991.7328760852433  2991.7878883685835  -11.111558585085545  -11.075151254320591  138.48882668922946  138.76532127337845  -55.19645665319048  -55.145057043586
0.9102098913844906  2991.6221245727  2991.6775003289717  -11.184253956983554  -11.1478466262186  137.93802338437297  138.21400482557766  -55.093825846232036  -55.042426236627556
0.9151936152292347  2991.510646106438  2991.566385339569  -11.256950104239865  -11.22054277347491  137.38823883962178  137.6637071322649  -54.99119394462827  -54.93979433502379
0.9201774441836016  2991.398440678703  2991.4545433925705  -11.329647016848337  -11.293239686083384  136.8394731633302  137.11442830186792  -54.88856096250579  -54.83716135290131
0.9251613768998147  2991.2855082818423  2991.3419744802727  -11.40234468499518  -11.365937354230226  136.2917264618388  136.56616844079923  -54.78592691371964  -54.73452730411516
0.9301454120558414  2991.1718489083005  2991.2286785950714  -11.475043099054059  -11.438635768289105  135.74499883952473  136.01892765350658  -54.6832918118602  -54.63189220225572
0.9351295483547422  2991.057462550618  2991.114655729459  -11.54774224958135  -11.511334918816397  135.19929039885056  135.47270604252182  -54.580655670259915  -54.529256060655435
0.9401137845240392  2990.9423492014294  2990.9999058760236  -11.620442127311552  -11.584034796546598  134.65460124041164  134.9275037085082  -54.478018501999756  -54.426618892395275
0.9450981193151056  2990.8265088534636  2990.8844290274465  -11.69314272315283  -11.656735392387876  134.1109314629818  134.38332075030615  -54.37538031991551  -54.32398071031103
0.9500825515025735  2990.70994149954  2990.768225176502  -11.765844028182709  -11.729436697417755  133.56828116355783  133.84015726497793  -54.272741136603855  -54.221341526999375
0.9550670798837598  2990.5926471325656  2990.651294316053  -11.838546033643894  -11.80213870287894  133.02665043740265  133.2980133478505  -54.170100964428286  -54.118701354823806
0.9600517032781102  2990.474625745537  2990.5336364390514  -11.911248730940216  -11.874841400175262  132.48603937808693  132.75688909255754  -54.067459815524806  -54.016060205920326
0.9650364205266593  2990.3558773315353  2990.4152515385363  -11.983952111632709  -11.947544780867755  131.94644807752965  132.2167845910798  -53.9648177018075  -53.91341809220302
0.9700212304915082  2990.236401883727  2990.296139607631  -12.0566561674358  -12.020248836670847  131.40787662603742  131.67769993378457  -53.86217463497386  -53.81077502536938
0.9750061320553169  2990.11619939536  2990.1763006395436  -12.129360890213619  -12.092953559448665  130.87032511234256  131.1396352094637  -53.75953062651007  -53.70813101690559
0.9799911241208122  2989.9952698597654  2990.0557346275627  -12.202066271976404  -12.16565894121145  130.3337936236401  130.6025905053707  -53.65688568769601  -53.60548607809153
0.9849762056103102  2989.8736132703534  2989.9344415650594  -12.274772304877038  -12.238364974112084  129.79828224562382  130.06656590725666  -53.55423982961018  -53.5028402200057
0.9899613754652531  2989.7512296206123  2989.812421445483  -12.347478981207669  -12.311071650442715  129.26379106252085  129.53156149940523  -53.45159306313448  -53.40019345353
0.9949466326457592  2989.6281189041083  2989.6896742623603  -12.420186293396432  -12.383778962631478  128.73032015712573  128.99757736466623  -53.34894539895881  -53.29754578935433
0.9999319761301866  2989.504281114482  2989.5662000092952  -12.492894234004277  -12.456486903239323  128.19786961083318  128.4646135844888  -53.24629684758557  -53.19489723798109
1.0049174049147087  2989.3797162454493  2989.4419986799658  -12.565602795721876  -12.529195464956922  127.6664395036701  127.93267023895325  -53.14364741933401  -53.09224780972953
1.0099029180129035  2989.2544242907998  2989.3170702681246  -12.638311971366628  -12.601904640601674  127.13602991432653  127.40174740680209  -53.04099712434448  -52.98959751474
1.0148885144553528  2989.1284052443934  2989.1914147675966  -12.711021753879747  -12.674614423114793  126.60664092018574  126.87184516547022  -52.93834597258252  -52.88694636297804
1.0198741932892539  2989.001659100162  2989.065032172278  -12.783732136323433  -12.74732480555848  126.07827259735362  126.34296359111418  -52.835693973842865  -52.784294364238384
1.0248599535780425  2988.874185852107  2988.9379224761346  -12.856443111878127  -12.820035781113173  125.55092502068705  125.81510275864066  -52.73304113775333  -52.68164152814885
1.029845794401026  2988.7459854942963  2988.8100856732017  -12.929154673839834  -12.89274734307488  125.02459826382162  125.28826274173423  -52.63038747377856  -52.57898786417408
1.0348317148530264  2988.6170580208654  2988.681521757581  -13.001866815617534  -12.96545948485258  124.49929239919852  124.76244361288416  -52.527732991223715  -52.476333381619234
1.0398177140440343  2988.4874034260165  2988.552230723441  -13.074579530730652  -13.038172199965699  123.9750074980907  124.2376454434107  -52.42507769923802  -52.373678089633536
1.0448037910988721  2988.357021704017  2988.4222125650167  -13.147292812806612  -13.110885482041658  123.45174363062827  123.71386830349051  -52.32242160681823  -52.27102199721375
1.049789945156866  2988.225912849197  2988.291467276607  -13.220006655578445  -13.18359932481349  122.9295008658233  123.19111226218138  -52.219764722812016  -52.168365113207535
1.0547761753715272  2988.0940768559485  2988.1599948525727  -13.292721052882474  -13.25631372211752  122.40827927159388  122.66937738744635  -52.1171070559212  -52.06570744631672
1.0597624809102426  2987.9615137187275  2988.027795287338  -13.365435998656055  -13.329028667891102  121.88807891478753  122.14866374617718  -52.014448614704996  -51.963049005100515
1.064748860953973  2987.8282234320486  2987.894868575388  -13.43815148693538  -13.401744156170427  121.36889986120401  121.62897140421711  -51.91178940758305  -51.86038979797857
1.0697353146969597  2987.694205990487  2987.7612147112677  -13.510867511853347  -13.474460181088393  120.85074217561754  121.11030042638313  -51.809129442838504  -51.75772983323402
1.074721841346439  2987.559461388676  2987.6268336895814  -13.58358406763747  -13.547176736872517  120.33360592179834  120.59265087648757  -51.706468728620905  -51.655069119016424
1.0797084401223644  2987.4239896213076  2987.491725504992  -13.656301148607872  -13.619893817842918  119.81749116253368  120.0760228173591  -51.60380727294907  -51.55240766334459
1.0846951102571363  2987.287790683129  2987.3558901522183  -13.729018749175298  -13.692611418410344  119.30239795964842  119.5604163108633  -51.501145083713865  -51.449745474109385
1.0896818509953383  2987.1508645689446  2987.219327626037  -13.80173686383921  -13.765329533074256  118.78832637402486  119.04583141792256  -51.398482168680914  -51.34708255907643
1.094668661593481  2987.0132112736137  2987.082037921279  -13.874455487185916  -13.838048156420962  118.27527646562226  118.53226819853555  -51.295818535493225  -51.244418925888745
1.0996555413197526  2986.8748307920496  2986.9440210328316  -13.947174613886752  -13.910767283121798  117.76324829349565  118.01972671179617  -51.19315419167377  -51.14175458206929
1.1046424894537752  2986.735723119218  2986.805276955634  -14.019894238696311  -13.983486907931358  117.2522419158144  117.50820701591196  -51.09048914462797  -51.03908953502349
1.109629505286368  2986.595888250139  2986.6658056846786  -14.092614356450719  -14.056207025685765  116.7422573898801  116.9977091682221  -50.98782340164616  -50.93642379204168
1.1146165881193173  2986.455326179882  2986.5256072150105  -14.165334962065954  -14.128927631301  116.23329477214409  116.48823322521498  -50.88515696990592  -50.83375736030144
1.1196037372651502  2986.314036903569  2986.3846815417255  -14.238056050536207  -14.201648719771253  115.72535411822454  115.97977924254518  -50.78248985647441  -50.73109024686993
1.1245909520469168  2986.172020416371  2986.24302865997  -14.31077761693229  -14.274370286167336  115.21843548292307  115.47234727505021  -50.67982206831063  -50.62842245870615
1.129578231797976  2986.0292767135097  2986.1006485649405  -14.383499656400078  -14.347092325635124  114.71253892024097  114.9659373767667  -50.577153612267594  -50.52575400266311
1.134565575861787  2985.8858057902535  2985.9575412518816  -14.45622216415899  -14.419814833394037  114.20766448339505  114.46054960094621  -50.47448449509449  -50.423084885490006
1.139552983591707  2985.7416076419195  2985.8137067160865  -14.528945135500523  -14.49253780473557  113.70381222483303  113.95618400007073  -50.37181472343875  -50.32041511383427
1.1445404543507933  2985.596682263872  2985.6691449528957  -14.601668565786795  -14.565261235021842  113.2009821962486  113.4528406258677  -50.26914430384811  -50.21774469424363
1.1495279875116096  2985.451029651522  2985.523855957697  -14.674392450449151  -14.637985119684197  112.6991744485961  112.95051952932467  -50.166473242772554  -50.11507363316807
1.154515582456038  2985.304649800325  2985.3778397259234  -14.747116784986789  -14.710709454221835  112.1983890321048  112.44922076070364  -50.06380154656629  -50.01240193696181
1.1595032385750965  2985.1575427057824  2985.2310962530537  -14.819841564965424  -14.78343423420047  111.69862599629293  111.94894436955511  -49.96112922148961  -49.909729611885126
1.1644909552687583  2985.00970836344  2985.083625534611  -14.892566786015983  -14.85615945525103  111.19988538998128  111.44969040473158  -49.85845627371073  -49.80705666410625
1.1694787319457784  2984.861146768888  2984.935427566164  -14.965292443833336  -14.928885113068382  110.7021672613065  110.95145891440103  -49.75578270930761  -49.70438309970313
1.1744665680235225  2984.711857917757  2984.7865023433224  -15.03801853417505  -15.001611203410096  110.20547165773411  110.45424994605979  -49.65310853426969  -49.60170892466521
1.1794544629278005  2984.561841805723  2984.63684986174  -15.11074505286018  -15.074337722095226  109.70979862607113  109.95806354654529  -49.55043375449959  -49.49903414489511
1.184442416092705  2984.4110984285016  2984.4864701171123  -15.183471995768087  -15.147064665003134  109.21514821247852  109.4628997620484  -49.44775837581481  -49.39635876621033
1.1894304269604514  2984.259627781852  2984.335363105177  -15.256199358837288  -15.219792028072334  108.7215204624832  108.96875863812556  -49.345082403949306  -49.293682794344825
1.1944184949812249  2984.1074298615713  2984.1835288217117  -15.32892713806432  -15.292519807299366  108.22891542098989  108.47564021971057  -49.24240584455515  -49.19100623495067
1.1994066196130282  2983.9545046634985  2984.030967262535  -15.401655329502649  -15.365247998737695  107.73733313229265  107.98354455112614  -49.13972870320403  -49.08832909359955
1.2043948003215346  2983.800852183511  2983.8776784235047  -15.474383929261593  -15.43797659849664  107.2467736400861  107.49247167609515  -49.03705098538878  -48.9856513757843
1.2093830365799434  2983.6464724175257  2983.7236623005183  -15.547112933505273  -15.51070560274032  106.75723698747642  107.00242163775164  -48.93437269652487  -48.88297308692039
1.2143713278688404  2983.4913653614985  2983.568918889512  -15.619842338451589  -15.583435007686635  106.2687232169921  106.51339447865155  -48.83169384195184  -48.78029423234736
1.2193596736760592  2983.335531011422  2983.4134481864603  -15.692572140371219  -15.656164809606265  105.78123237059448  106.02539024078327  -48.72901442693472  -48.67761481733024
1.2243480734965477  2983.1789693633264  2983.257250187374  -15.765302335586645  -15.728895004821691  105.29476448968792  105.5384089655779  -48.6263344566654  -48.574934847060916
1.2293365268322372  2983.021680413278  2983.100324888302  -15.838032920471194  -15.80162558970624  104.80931961512991  105.05245069391921  -48.52365393626399  -48.47225432665951
1.2343250331919133  2982.863664157381  2982.9426722853295  -15.91076389144811  -15.874356560683156  104.32489778724083  104.56751546615352  -48.42097287078014  -48.36957326117566
1.239313592091092  2982.7049205917747  2982.784292374578  -15.983495244989633  -15.94708791422468  103.84149904581353  104.08360332209931  -48.31829126519431  -48.26689165558983
1.2443022030518966  2982.545449712632  2982.6251851522034  -16.056226977616127  -16.01981964685117  103.3591234301227  103.60071430105648  -48.21560912441903  -48.16420951481455
1.2492908656029382  2982.3852515161634  2982.4653506143977  -16.128959085895183  -16.092551755130227  102.87777097893398  103.11884844181562  -48.11292645330014  -48.06152684369566
1.2542795792791988  2982.2243259986117  2982.3047887573875  -16.20169156644079  -16.165284235675834  102.39744173051301  102.63800578266688  -48.01024325661799  -47.95884364701351
1.259268343621917  2982.062673156255  2982.1434995774334  -16.274424415912495  -16.23801708514754  101.9181357226341  102.15818636140878  -47.90755953908861  -47.85615992948413
1.264257158178477  2981.900292985404  2981.9814830708297  -16.34715763101459  -16.310750300249634  101.43985299258883  101.67939021535683  -47.80487530536486  -47.75347569576038
1.2692460225022981  2981.7371854824014  2981.8187392339028  -16.41989120849531  -16.383483877730356  100.96259357719438  101.2016173813518  -47.70219056003755  -47.65079095043307
1.274234936152729  2981.5733506436245  2981.655268063013  -16.49262514514607  -16.456217814381116  100.48635751280179  100.72486789576794  -47.59950530763655  -47.54810569803207
1.2792238986949427  2981.408788465481  2981.4910695545527  -16.565359437800694  -16.52895210703574  100.01114483530392  100.2491417945211  -47.496819552631834  -47.44541994302735
1.2842129096998347  2981.243498944411  2981.326143704946  -16.638094083334668  -16.601686752569712  99.53695558014333  99.77443911307644  -47.39413329943457  -47.34273368983009
1.2892019687439227  2981.0774820768856  2981.1604905106483  -16.710829078664425  -16.67442174789947  99.06378978231992  99.30075988645623  -47.29144655239812  -47.24004694279364
1.2941910754092492  2980.9107378594063  2980.994109968146  -16.783564420746615  -16.74715708998166  98.59164747639845  98.82810414924728  -47.188759315819055  -47.137359706214575
1.2991802292832857  2980.7432662885067  2980.8270020739565  -16.85630010657743  -16.819892775812473  98.12052869651588  98.35647193560834  -47.086071593938144  -47.03467198433366
1.3041694299588389  2980.575067360748  2980.6591668246274  -16.929036133191904  -16.892628802426948  97.65043347638859  97.88586327927722  -46.98338339094129  -46.93198378133681
1.3091586770339592  2980.4061410727236  2980.490604216736  -17.001772497663257  -16.9653651668983  97.18136184931939  97.41627821357795  -46.88069471096051  -46.82929510135603
1.3141479701118515  2980.2364874210543  2980.321314246889  -17.074509197102238  -17.038101866337282  96.71331384820444  96.94771677142761  -46.77800555807483  -46.72660594847035
1.319137308800787  2980.0661064023907  2980.1512969117225  -17.147246228656485  -17.11083889789153  96.24628950553995  96.48017898534309  -46.675315936311186  -46.623916326706706
1.3241266927140172  2979.894998013412  2979.9805522079014  -17.219983589509905  -17.18357625874495  95.78028885342884  96.01366488744769  -46.57262584964532  -46.52122624004084
1.3291161214696905  2979.7231622508243  2979.809080132118  -17.292721276882055  -17.2563139461171  95.3153119235872  95.54817450947759  -46.46993530200264  -46.41853569239816
1.3341055946907694  2979.550599111363  2979.6368806810938  -17.36545928802755  -17.329051957262596  94.85135874735059  95.08370788278829  -46.36724429725906  -46.31584468765458
1.3390951120049501  2979.377308591791  2979.463953851577  -17.438197620235474  -17.40179028947052  94.3884293556803  94.62026503836063  -46.264552839241844  -46.21315322963736
1.3440846730445835  2979.2032906888962  2979.2902996403436  -17.5109362708288  -17.474528940063845  93.92652377916937  94.1578460068071  -46.16186093173039  -46.11046132212591
1.3490742774465978  2979.0285453994957  2979.115918044196  -17.58367523716384  -17.547267906398883  93.46564204804861  93.69645081837758  -46.05916857845704  -46.00776896885256
1.3540639248524233  2978.8530727204316  2978.9408090599636  -17.65641451662967  -17.620007185864715  93.00578419219237  93.23607950296535  -45.95647578310787  -45.90507617350339
1.3590536149079182  2978.6768726485725  2978.764972684502  -17.729154106647627  -17.69274677588267  92.54695024112428  92.7767320901127  -45.85378254932343  -45.802382939718946
1.3640433472632958  2978.4999451808135  2978.588408914693  -17.801894004670746  -17.76548667390579  92.08914022402288  92.31840860901657  -45.75108888069949  -45.69968927109501
1.3690331215730531  2978.322290314074  2978.4111177474438  -17.874634208183263  -17.838226877418307  91.63235416972707  91.86110908853408  -45.64839478078781  -45.59699517118333
1.3740229374959019  2978.1439080453  2978.233099179687  -17.947374714700096  -17.91096738393514  91.17659210674148  91.40483355718783  -45.5457002530968  -45.494300643492316
1.3790127946947002  2977.9647983714603  2978.0543532083802  -18.020115521766357  -17.9837081910014  90.7218540632418  90.94958204317126  -45.44300530109225  -45.39160569148777
1.3840026928363849  2977.7849612895507  2977.8748798305055  -18.092856626956863  -18.056449296191907  90.26814006707988  90.49535457435377  -45.340309928198025  -45.288910318593544
1.3889926315919072  2977.604396796589  2977.6946790430698  -18.16559802787565  -18.129190697110694  89.81545014578882  90.04215117828576  -45.23761413779672  -45.18621452819224
1.3939826106361675  2977.423104889618  2977.5137508431035  -18.23833972215552  -18.201932391390564  89.36378432658792  89.5899718822037  -45.134917933230334  -45.08351832362585
1.3989726296479525  2977.2410855657045  2977.3320952276613  -18.311081707457568  -18.274674376692612  88.9131426363876  89.13881671303486  -45.03222131780091  -44.98082170819643
1.4039626883098748  2977.0583388219375  2977.149712193821  -18.383823981470748  -18.347416650705792  88.46352510179413  88.68868569740225  -44.92952429477118  -44.878124685166696
1.4089527863083104  2976.8748646554304  2976.966601738684  -18.456566541911418  -18.420159211146462  88.0149317491143  88.23957886162914  -44.826826867365156  -44.775427257760676
1.413942923333341  2976.6906630633193  2976.782763859375  -18.529309386522918  -18.492902055757963  87.56736260436001  87.79149623174378  -44.72412903876879  -44.672729429164306
1.418933099078695  2976.505734042762  2976.5981985530407  -18.602052513075147  -18.565645182310192  87.12081769325285  87.34443783348382  -44.62143081213051  -44.57003120252603
1.4239233132416915  2976.320077590939  2976.4129058168505  -18.674795919364136  -18.63838858859918  86.67529704122836  86.8984036923008  -44.51873219056188  -44.4673325809574
1.428913565523183  2976.133693705053  2976.226885647996  -18.747539603211656  -18.7111322724467  86.23080067344051  86.4533938333644  -44.41603317713809  -44.36463356753361
1.4339038556275019  2975.9465823823284  2976.0401380436906  -18.820283562464816  -18.78387623169986  85.78732861476587  86.00940828156672  -44.31333377489859  -44.26193416529411
1.438894183262406  2975.758743620011  2975.8526630011697  -18.89302779499566  -18.856620464230705  85.3448808898078  85.5664470615265  -44.210633986847604  -44.15923437724312
1.4438845481390261  2975.5701774153686  2975.66446051769  -18.9657722987008  -18.929364967935843  84.90345752290051  85.12451019759317  -44.10793381595468  -44.0565342063502
1.4488749499718143  2975.380883765689  2975.4755305905287  -19.038517071501023  -19.002109740736067  84.46305853811312  84.68359771385084  -44.00523326515524  -43.95383365555076
1.4538653884784931  2975.1908626682816  2975.2858732169852  -19.11126211134094  -19.074854780575986  84.02368395925356  84.2437096341223  -43.90253233735107  -43.85113272774659
1.458855863380006  2975.0001141204757  2975.0954883943787  -19.184007416188614  -19.147600085423658  83.58533380987242  83.80484598197283  -43.79983103541084  -43.74843142580636
1.4638463744004682  2974.8086381196217  2974.9043761200487  -19.25675298403519  -19.220345653270236  83.1480081132668  83.36700678071401  -43.697129362170635  -43.645729752566155
1.4688369212671193  2974.6164346630894  2974.7125363913556  -19.32949881289458  -19.293091482129626  82.71170689248393  82.93019205340742  -43.594427320434406  -43.543027710829925
1.473827503710276  2974.4235037482686  2974.519969205679  -19.40224490080309  -19.365837570038135  82.27643017032494  82.49440182286838  -43.491724912974476  -43.440325303369995
1.4788181214632856  2974.229845372568  2974.3266745604183  -19.4749912458191  -19.438583915054146  81.84217796934838  82.05963611166942  -43.38902214253201  -43.33762253292753
1.483808774262482  2974.0354595334175  2974.1326524529927  -19.547737846022734  -19.51133051525778  81.40895031187372  81.62589494214392  -43.28631901181749  -43.23491940221301
1.4887994618471396  2973.840346228265  2973.937902880841  -19.620484699515526  -19.58407736875057  80.97674721998486  81.19317833638942  -43.18361552351114  -43.13221591390666
1.4937901839594314  2973.6445054545775  2973.742425841421  -19.693231804420115  -19.65682447365516  80.54556871553343  80.76148631627119  -43.08091168026341  -43.02951207065893
1.4987809403443848  2973.4479372098413  2973.5462213322094  -19.765979158879933  -19.729571828114977  80.11541482014225  80.33081890342537  -42.978207484695396  -42.926807875090915
1.5037717307498404  2973.2506414915597  2973.3492893507005  -19.838726761058886  -19.80231943029393  79.6862855552085  79.9011761192624  -42.87550293939927  -42.82410332979479
1.508762554926411  2973.052618297257  2973.1516298944084  -19.91147460914107  -19.875067278376115  79.25818094190694  79.47255798497021  -42.77279804693872  -42.72139843733424
1.5137534126274403  2972.8538676244734  2972.9532429608653  -19.984222701330463  -19.947815370565507  78.83110100119313  79.04496452151723  -42.67009280984935  -42.61869320024487
1.5187443036089638  2972.6543894707675  2972.7541285476204  -20.056971035850648  -20.020563705085692  78.40504575380646  78.61839574965572  -42.5673872306391  -42.51598762103462
1.5237352276296696  2972.4541838337163  2972.554286652242  -20.129719610944523  -20.093312280179568  77.9800152202732  78.19285168992461  -42.46468131178864  -42.41328170218416
1.5287261844508602  2972.2532507109145  2972.3537172723154  -20.202468424874017  -20.16606109410906  77.55600942090952  77.76833236265261  -42.36197505575175  -42.31057544614727
1.5337171738364146  2972.0515900999735  2972.152420405444  -20.275217475919824  -20.23881014515487  77.13302837582441  77.3448377879611  -42.259268464955746  -42.207868855351265
1.5387081955527517  2971.8492019985224  2971.950396049248  -20.34796676238113  -20.311559431616175  76.71107210492254  76.92236798576704  -42.15656154180182  -42.10516193219734
1.5436992493687938  2971.6460864042065  2971.7476442013644  -20.420716282575352  -20.384308951810397  76.29014062790712  76.50092297578577  -42.053854288665434  -42.00245467906095
1.548690335055931  2971.4422433146883  2971.5441648594474  -20.493466034837873  -20.457058704072917  75.8702339642827  76.08050277753382  -41.951146707896676  -41.899747098292195
1.553681452387986  2971.237672727648  2971.339958021168  -20.566216017521793  -20.529808686756837  75.45135213335786  75.66110741033168  -41.848438801820635  -41.797039192216154
1.5586726011411807  2971.0323746407803  2971.135023684214  -20.638966228997678  -20.602558898232722  75.03349515424793  75.2427368933064  -41.745730572737735  -41.694330963133254
1.5636637810941005  2970.8263490517984  2970.9293618462893  -20.711716667653306  -20.67530933688835  74.61666304587762  74.82539124539433  -41.64302202292409  -41.59162241331961
1.5686549920276631  2970.6195959584293  2970.722972505114  -20.784467331893435  -20.74806000112848  74.20085582698361  74.40907048534365  -41.54031315463186  -41.48891354502738
1.5736462337250847  2970.4121153584183  2970.515855658424  -20.85721822013956  -20.820810889374606  73.78607351611713  73.99377463171696  -41.43760397008956  -41.38620436048508
1.5786375059718483  2970.2039072495245  2970.3080113039714  -20.92996933082969  -20.893562000064733  73.37231613164643  73.57950370289376  -41.334894471502416  -41.283494861897935
1.583628808555672  2969.994971629524  2970.0994394395243  -21.002720662418092  -20.966313331653136  72.95958369175925  73.16625771707297  -41.232184661052656  -41.180785051448176
1.5886201412664789  2969.785308496208  2969.890140062866  -21.075472213375104  -21.03906488261015  72.54787621446526  72.75403669227525  -41.129474540899864  -41.07807493129538
1.5936115038963654  2969.5749178473816  2969.680113171795  -21.14822398218688  -21.111816651421925  72.13719371759848  72.34284064634552  -41.02676411318127  -40.97536450357679
1.5986028962395722  2969.3637996808675  2969.4693587641245  -21.220975967355194  -21.18456863659024  71.72753621881951  71.93266959695522  -40.92405338001206  -40.87265377040758
1.6035943180924548  2969.151953994502  2969.2578768376848  -21.293728167397212  -21.257320836632257  71.31890373561795  71.52352356160459  -40.82134234348569  -40.76994273388121
1.6085857692534542  2968.939380786136  2969.045667390319  -21.36648058084529  -21.330073250080336  70.9112962853146  71.11540255762505  -40.71863100567417  -40.66723139606969
1.6135772495230691  2968.726080053635  2968.8327304198856  -21.43923320624677  -21.402825875481813  70.50471388506371  70.70830660218125  -40.61591936862835  -40.56451975902387
1.618568758703828  2968.51205179488  2968.6190659242575  -21.511986042163763  -21.475578711398807  70.09915655185512  70.30223571227347  -40.51320743437823  -40.46180782477375
1.623560296600261  2968.297296007766  2968.404673901323  -21.584739087172963  -21.548331756408007  69.6946243025165  69.89718990473958  -40.41049520493323  -40.359095595328746
1.6285518630188731  2968.0818126902022  2968.189554348984  -21.65749233986545  -21.621085009100494  69.29111715371542  69.4931691962573  -40.30778268228244  -40.25638307267796
1.633543457768119  2967.8656018401116  2967.973707265157  -21.730245798846482  -21.693838468081527  68.8886351219614  69.09017360334622  -40.20506986839496  -40.15367025879048
1.6385350806583747  2967.6486634554312  2967.7571326477714  -21.80299946273533  -21.766592131970373  68.48717822360803  68.68820314236984  -40.10235676522009  -40.050957155615606
1.6435267315019142  2967.430997534111  2967.539830494771  -21.875753330165065  -21.83934599940011  68.08674647485492  68.28725782953764  -39.99964337468764  -39.94824376508316
1.6485184101128825  2967.212604074117  2967.321800804114  -21.948507399782393  -21.912100069017438  67.68733989174973  67.88733768090701  -39.8969296987082  -39.84553008910372
1.6535101163072714  2966.9934830734264  2967.1030435737716  -22.021261670247466  -21.98485433948251  67.28895849019007  67.48844271238524  -39.794215739173346  -39.742816129568865
1.6585018499028958  2966.773634530032  2966.883558801729  -22.09401614023371  -22.057608809468753  66.89160228592546  67.09057293973137  -39.691501497955926  -39.640101888351445
1.663493610719369  2966.5530584419375  2966.6633464859847  -22.16677080842764  -22.130363477662684  66.49527129455922  66.69372837855818  -39.58878697691031  -39.53738736730583
1.6684853985780788  2966.331754807161  2966.442406624549  -22.2395256735287  -22.203118342763744  66.0999655315503  66.29790904433399  -39.486072177872614  -39.434672568268134
1.6734772133021651  2966.109723623733  2966.220739215447  -22.312280734249093  -22.275873403484137  65.70568501221511  65.90311495238448  -39.383357102660945  -39.331957493056464
1.6784690547164969  2965.886964889698  2965.9983442567154  -22.385035989313604  -22.348628658548648  65.31242975172935  65.50934611789454  -39.280641753075635  -39.229242143471154
1.6834609226476491  2965.6634786031127  2965.7752217464054  -22.457791437459445  -22.42138410669449  64.92019976512974  65.11660255590995  -39.17792613089948  -39.126526521295
1.6884528169238815  2965.439264762046  2965.5513716825794  -22.530547077436093  -22.494139746671138  64.52899506731578  64.72488428133923  -39.07521023789796  -39.02381062829348
1.693444737375116  2965.2143233645793  2965.3267940633127  -22.603302908005137  -22.56689557724018  64.13881567305145  64.3341913089553  -38.97249407581946  -38.92109446621498
1.6984366838329161  2964.9886544088067  2965.101488886693  -22.676058927940108  -22.639651597175153  63.74966159696695  63.94452365339713  -38.8697776463955  -38.81837803679102
1.7034286561304657  2964.762257892835  2964.875456150821  -22.748815136026337  -22.712407805261382  63.361532853560284  63.55588132917149  -38.76706095134093  -38.71566134173645
1.7084206541025475  2964.535133814782  2964.6486958538085  -22.821571531060805  -22.78516420029585  62.97442945719894  63.16826435065453  -38.664343992354176  -38.612944382749696
1.7134126775855238  2964.307282172779  2964.4212079937806  -22.894328111851987  -22.85792078108703  62.588351422121484  62.78167273209339  -38.56162677111742  -38.51022716151294
1.718404726417316  2964.078702964968  2964.1929925688737  -22.967084877219715  -22.93067754645476  62.20329876243916  62.3961064876078  -38.45890928929681  -38.40750967969233
1.7233968004373843  2963.8493961895038  2963.964049577236  -23.039841825995023  -23.003434495230067  61.81927149213744  62.011565631191644  -38.35619154854269  -38.30479193893821
1.7283888994867094  2963.6193618445513  2963.7343790170275  -23.112598957020015  -23.07619162625506  61.436269625077536  61.62805017671447  -38.253473550489765  -38.202073940885285
1.7333810234077724  2963.3885999282884  2963.50398088642  -23.185356269147725  -23.14894893838277  61.05429317499796  61.24556013792302  -38.15075529675732  -38.09935568715284
1.7383731720445366  2963.157110438905  2963.2728551835967  -23.258113761241976  -23.22170643047702  60.67334215551597  60.86409552844275  -38.04803678894939  -37.99663717934491
1.743365345242428  2962.9248933746003  2963.0410019067526  -23.330871432177247  -23.29446410141229  60.29341658012906  60.48365636177923  -37.94531802865499  -37.89391841905051
1.748357542848319  2962.6919487335863  2962.8084210540933  -23.403629280838537  -23.36722195007358  59.9145164622164  60.10424265131966  -37.842599017448265  -37.791199407843784
1.7533497647105079  2962.458276514086  2962.575112623836  -23.476387306121243  -23.439979975356287  59.53664181504023  59.725854410334215  -37.73987975688869  -37.68848014728421
1.7583420106787033  2962.2238767143326  2962.341076614209  -23.54914550693102  -23.512738176166064  59.159792651747296  59.348491651977525  -37.63716024852125  -37.58576063891677
1.763334280604006  2961.9887493325714  2962.106313023452  -23.62190388218366  -23.585496551418704  58.78396898537022  58.972154389290004  -37.534440493876616  -37.483040884272135
1.7683265743388916  2961.752894367057  2961.870821849814  -23.69466243080497  -23.658255100040016  58.40917082882885  58.59684263519921  -37.43172049447133  -37.38032088486685
1.7733188917371936  2961.5163118160563  2961.6346030915565  -23.767421151730648  -23.731013820965693  58.03539819493159  58.222556402521214  -37.32900025180797  -37.27760064220349
1.7783112326540873  2961.2790016778463  2961.3976567469513  -23.840180043906155  -23.8037727131412  57.66265109637674  57.84929570396189  -37.226279767375324  -37.17488015777084
1.7833035969460729  2961.040963950715  2961.1599828142807  -23.912939106286604  -23.87653177552165  57.29092954575378  57.47706055211824  -37.12355904264856  -37.07215943304408
1.7882959844709598  2960.8021986329604  2960.921581291838  -23.985698337836638  -23.949291007071682  56.92023355554463  57.105850959479625  -37.02083807908938  -36.9694384694849
1.7932883950878507  2960.5627057228894  2960.682452177925  -24.058457737530315  -24.02205040676536  56.55056313812496  56.73566693842908  -36.91811687814621  -36.86671726854173
1.7982808286571255  2960.3224852188214  2960.4425954708554  -24.131217304351  -24.094809973586045  56.18191830576538  56.366508501244525  -36.81539544125432  -36.76399583164984
1.8032732850404265  2960.0815371190856  2960.2020111689535  -24.203977037291246  -24.16756970652629  55.814299070632686  55.99837566010001  -36.71267376983602  -36.66127416023154
1.8082657641006428  2959.8398614220205  2959.960699270553  -24.27673693535268  -24.240329604587725  55.447705444791076  55.631268427066885  -36.60995186530081  -36.55855225569633
1.8132582657018954  2959.5974581259743  2959.7186597739974  -24.34949699754591  -24.313089666780954  55.08213744020329  55.26518681411503  -36.5072297290455  -36.45583011944102
1.818250789709523  2959.3543272293064  2959.4758926776403  -24.422257222890398  -24.385849892125442  54.71759506873185  54.900130833113984  -36.4045073624544  -36.35310775284992
1.8232433359900668  2959.110468730385  2959.2323979798457  -24.495017610414372  -24.458610279649417  54.35407834214015  54.53610049583415  -36.301784766899466  -36.250385157294986
1.8282359044112568  2958.8658826275887  2958.988175678987  -24.567778159154713  -24.531370828389758  53.99158727209362  54.17309581394787  -36.19906194374042  -36.14766233413594
1.8332284948419972  2958.620568919305  2958.7432257734467  -24.64053886815685  -24.604131537391893  53.63012187016084  53.81111679903058  -36.09633889432491  -36.04493928472043
1.838221107152353  2958.374527603931  2958.497548261618  -24.713299736474664  -24.676892405709708  53.26968214781466  53.45016346256192  -35.99361561998867  -35.942216010384186
1.843213741213536  2958.1277586798733  2958.251143141902  -24.786060763170394  -24.749653432405438  52.91026811643326  53.090235815926825  -35.89089212205562  -35.83949251245114
1.8482063968978917  2957.880262145549  2958.004010412711  -24.85882194731452  -24.822414616549565  52.551879787301225  52.73133387041655  -35.78816840183804  -35.73676879223356
1.8531990740788855  2957.632037999383  2957.756150072466  -24.931583287985692  -24.895175957220737  52.194517171610634  52.373457637229784  -35.6854444606367  -35.63404485103222
1.8581917726310904  2957.383086239811  2957.507562119597  -25.004344784270614  -24.96793745350566  51.83818028046206  52.01660712747368  -35.582720299740984  -35.5313206901365
1.8631844924301735  2957.133406865276  2957.2582465525434  -25.07710643526396  -25.040699104499005  51.48286912486562  51.660782352164844  -35.47999592042901  -35.42859631082453
1.8681772333528834  2956.8829998742312  2957.0082033697536  -25.14986824006828  -25.113460909303324  51.128583715741996  51.3059833222304  -35.37727132396781  -35.32587171436333
1.873169995277038  2956.631865265138  2956.7574325696846  -25.222630197793908  -25.186222867028953  50.77532406392339  50.95221004850895  -35.274546511613394  -35.223146902008914
1.8781627780815118  2956.3800030364673  2956.5059341508027  -25.295392307558874  -25.25898497679392  50.42309018015456  50.59946254175159  -35.17182148461093  -35.12042187500645
1.8831555816462238  2956.1274131866994  2956.2537081115834  -25.368154568488812  -25.331747237723857  50.07188207509375  50.24774081262284  -35.06909624419484  -35.01769663459036
1.888148405852126  2955.874095714322  2956.0007544505106  -25.440916979716878  -25.404509648951922  49.721699759313665  49.897044871701624  -34.96637079158892  -34.91497118198444
1.893141250581191  2955.620050617832  2955.747073166077  -25.51367954038366  -25.477272209618704  49.372543243302424  49.547374729482236  -34.863645128006496  -34.812245518402015
1.8981341157164007  2955.3652778957357  2955.492664256784  -25.58644224963709  -25.550034918872136  49.024412537464464  49.19873039637523  -34.760919254650496  -34.709519645046015
1.9031270011417345  2955.109777546547  2955.2375277211413  -25.659205106632378  -25.622797775867422  48.677307652121485  48.85111188270837  -34.6581931727136  -34.60679356310912
1.9081199067421586  2954.8535495687884  2954.9816635576676  -25.7319681105319  -25.695560779766943  48.33122859751331  48.504519198727515  -34.55546688337835  -34.50406727377387
1.9131128324036144  2954.5965939609905  2954.7250717648894  -25.804731260505143  -25.768323929740188  47.98617538379884  48.15895235459749  -34.452740387817265  -34.401340778212784
1.9181057780130073  2954.3389107216935  2954.467752341342  -25.877494555728617  -25.841087224963662  47.64214802105687  47.814411360403035  -34.35001368719294  -34.29861407758846
1.9230987434581963  2954.080499849444  2954.209705285569  -25.95025799538577  -25.913850664620814  47.29914651928701  47.4708962261496  -34.247286782658186  -34.195887173053706
1.9280917286279833  2953.821361342798  2953.950930596121  -26.023021578666913  -25.986614247901958  46.95717088841049  47.12840696176424  -34.1445596753561  -34.09316006575162
1.933084733412102  2953.561495200319  2953.6914282715584  -26.09578530476915  -26.059377974004196  46.61622113827105  46.786943577096466  -34.041832366420216  -33.990432756815736
1.9380777577012085  2953.300901420579  2953.431198310449  -26.168549172896295  -26.13214184213134  46.27629727863574  46.446506081919026  -33.93910485697458  -33.8877052473701
1.94307080138687  2953.039580002158  2953.1702407113685  -26.2413131822588  -26.204905851493844  45.93739931919576  46.10709448592879  -33.83637714813387  -33.78497753852939
1.9480638643615558  2952.777530943643  2952.9085554729004  -26.31407733207368  -26.277670001308724  45.59952726956727  45.76870879874754  -33.7336492410035  -33.68224963139902
1.953056946518626  2952.51475424363  2952.6461425936363  -26.386841621564443  -26.350434290799488  45.262681139292155  45.43134902992274  -33.63092113667971  -33.57952152707523
1.9580500477523228  2952.2512499007216  2952.3830020721757  -26.459606049961018  -26.423198719196062  44.92686093783886  45.095015188928365  -33.528192836249694  -33.47679322664521
1.9630431679577605  2951.9870179135296  2952.1191339071256  -26.53237061649968  -26.495963285734724  44.592066674603146  44.75970728516564  -33.42546434079166  -33.37406473118718
1.9680363070309155  2951.722058280672  2951.854538097101  -26.60513532042299  -26.568727989658033  44.25829835890885  44.42542532796385  -33.32273565137497  -33.27133604177049
1.9730294648686173  2951.456371000776  2951.589214640724  -26.67790016097971  -26.641492830214755  43.92555600000867  44.09216932658107  -33.2200067690602  -33.16860715945572
1.9780226413685396  2951.189956072474  2951.323163536625  -26.750665137424757  -26.714257806659802  43.59383960708486  43.759939290204926  -33.117277694899265  -33.065878085294784
1.9830158364291899  2950.922813494408  2951.056384783441  -26.82343024901912  -26.787022918254163  43.263149189250036  43.428735227953304  -33.014548429935495  -32.963148820331014
1.9880090499499017  2950.6549432652255  2950.7888783798167  -26.896195495029794  -26.859788164264838  42.93348475554784  43.09855714887512  -32.91181897520373  -32.86041936559925
1.9930022818308248  2950.386345383583  2950.520644324404  -26.968960874729724  -26.93255354396477  42.60484631495368  42.769405061951026  -32.809089331730426  -32.757689722125946
1.997995531972917  2950.117019848143  2950.251682615863  -27.04172638739774  -27.005319056632786  42.27723387637547  42.44127897609406  -32.70635950053373  -32.65495989092925
2.000000000000002  2949.927788976919  2950.0628155722025  -27.09272918425667  -27.056321853491713  42.04840022501965  42.211778053348354  -32.634354116117876  -32.582954506513396
