0.004803921568627451  3346.692388565165  3347.208548291286  99.11898794793952  99.15195725438831  31.86477434433132  32.10238717216566  -49.56345114357239  -49.51184474186584
0.009798715474165116  3347.68306242183  3348.178822208102  99.05308366330668  99.08605296975547  31.369655896912658  31.61721512062199  -49.666610213425045  -49.6150038117185
0.014793520192920354  3348.6730786498356  3349.1685089146845  98.98717930737298  99.02014861382177  30.873505858795472  31.121580877854065  -49.76976939488395  -49.71816299317741
0.01978833568007913  3349.662437242607  3350.1575379856763  98.92127488043393  98.95424418688272  30.376324228863698  30.624915043829585  -49.87292868748657  -49.82132228578003
0.024783161891105365  3350.6511381936107  3351.1459094145453  98.85537038278318  98.88833968923197  29.8781110060059  30.1272176174348  -49.97608809077323  -49.92448168906669
0.02977799878173866  3351.63918149635  3352.133623194796  98.78946581471259  98.82243512116138  29.378866189115232  29.628488597560565  -50.07924760428711  -50.02764120258057
0.03477284630799202  3352.626567144368  3353.120679319974  98.72356117651219  98.75653048296098  28.878589777089427  29.12872798310233  -50.18240722757421  -50.13080082586767
0.03976770442614959  3353.6132951312466  3354.107077783661  98.65765646847025  98.69062577491904  28.377281768830752  28.62793577296009  -50.28556696018332  -50.233960558476774
0.04476257309276446  3354.599365450605  3355.0928185794796  98.59175169087324  98.62472099732203  27.874942163245986  28.12611196603837  -50.38872680166601  -50.33712039995947
0.04975745226465646  3355.5847780961003  3356.077901701087  98.52584684400588  98.55881615045467  27.371570959246394  27.62325656124619  -50.491886751576615  -50.44028034987007
0.05475234189890993  3356.5695330614276  3357.06232714218  98.45994192815118  98.49291123459997  26.867168155747695  27.119369557497045  -50.59504680947219  -50.543440407765644
0.05974724195287165  3357.5536303403187  3358.046094896492  98.39403694359036  98.42700625003916  26.36173375167004  26.614450953708868  -50.69820697491249  -50.646600573205944
0.06474215238414863  3358.537069926542  3359.029204957792  98.32813189060296  98.36110119705175  25.855267745937983  26.108500748804012  -50.80136724745997  -50.74976084575343
0.06973707315060604  3359.5198518139023  3360.0116573198875  98.26222676946682  98.29519607591561  25.34777013748045  25.601518941709216  -50.904527626679744  -50.8529212249732
0.0747320042103651  3360.5019759962415  3360.993451976621  98.19632158045808  98.22929088690687  24.839240925230715  25.093505531355582  -51.00768811213957  -50.956081710433025
0.07972694552180103  3361.483442467437  3361.974588921871  98.1304163238512  98.16338563029998  24.329680108126386  24.58446051667855  -51.11084870340983  -51.059242301703286
0.08472189704354097  3362.464251221402  3362.9550681495534  98.06451099991898  98.09748030636777  23.819087685109356  24.07438389661787  -51.214009400063496  -51.16240299835695
0.08971685873446196  3363.444402252085  3363.934889653617  97.9986056089326  98.0315749153814  23.307463655125783  23.56327567011757  -51.317170201676134  -51.26556379996959
0.09471183055368897  3364.42389555347  3364.9140534280473  97.93270015116158  97.96566945761037  22.79480801712609  23.051135836125937  -51.42033110782586  -51.368724706119316
0.09970681246059285  3365.4027311195755  3365.8925594668635  97.86679462687381  97.8997639333226  22.2811207700649  22.537964393595495  -51.52349211809332  -51.47188571638678
0.1047018044147884  3366.380908944454  3366.8704077641205  97.8008890363356  97.8338583427844  21.766401912901028  22.023761341482963  -51.6266532320617  -51.575046830355156
0.10969680637613241  3367.3584290221934  3367.8475983139074  97.73498337981164  97.76795268626043  21.250651444597477  21.508526678749252  -51.72981444931666  -51.67820804761012
0.11469181830472176  3368.3352913469153  3368.8241311103466  97.66907765756504  97.70204696401383  20.73386936412138  20.992260404359428  -51.83297576944636  -51.78136936773981
0.11968684016089147  3369.3114959127743  3369.8000061475946  97.60317186985736  97.63614117630615  20.216055670443982  20.47496251728268  -51.93613719204139  -51.88453079033485
0.1246818719052128  3370.2870427139596  3370.775223419841  97.53726601694858  97.57023532339737  19.697210362540634  19.956633016492308  -52.039298716694816  -51.98769231498827
0.12967691349849142  3371.261931744694  3371.7497829213107  97.47136009909714  97.50432940554593  19.177333439390754  19.437271900965694  -52.142460343002085  -52.09085394129554
0.13467196490176553  3372.2361629992315  3372.7236846462592  97.40545411655995  97.43842342300874  18.656424899977797  18.916879169684275  -52.24562207056107  -52.194015668854526
0.13966702607630405  3373.20973647186  3373.6969285889754  97.3395480695924  97.37251737604119  18.134484743289253  18.395454821633525  -52.34878389897201  -52.297177497265466
0.14466209698360477  3374.1826521569005  3374.669514743781  97.27364195844837  97.30661126489716  17.6115129683166  17.872998855802926  -52.45194582783752  -52.40033942613098
0.14965717758539254  3375.1549100487046  3375.641443105029  97.20773578338023  97.24070508982902  17.087509574055293  17.349511271185946  -52.55510785676255  -52.503501455056
0.15465226784361757  3376.126510141657  3376.612713667106  97.14182954463888  97.17479885108767  16.562474559504732  16.824992066780013  -52.65826998535437  -52.60666358364783
0.15964736772045354  3377.0974524301746  3377.58332642443  97.07592324247375  97.10889254892254  16.036407923668254  16.299441241586493  -52.76143221322258  -52.70982581151603
0.16464247717829597  3378.0677369087043  3378.553281371449  97.01001687713278  97.04298618358158  15.509309665553094  15.772858794610674  -52.86459453997904  -52.812988138272495
0.1696375961797604  3379.0373635717256  3379.5225785026437  96.9441104488625  96.9770797553113  14.981179784170369  15.245244724861731  -52.967756965237896  -52.91615056353135
0.17463272468768076  3380.0063324137477  3380.491217812524  96.87820395790797  96.91117326435676  14.452018278535053  14.716599031352711  -53.07091948861555  -53.01931308690901
0.17962786266510758  3380.9746434293124  3381.4591992956343  96.81229740451282  96.84526671096161  13.921825147665963  14.186921713100508  -53.174082109730634  -53.12247570802409
0.1846230100753064  3381.9422966129905  3382.4265229465454  96.74639078891929  96.77936009536808  13.390600390585721  13.656212769125842  -53.277244828204005  -53.22563842649746
0.18961816688175603  3382.909291959384  3383.393188759861  96.68048411136817  96.71345341781696  12.858344006320745  13.124472198453233  -53.380407643658714  -53.32880124195217
0.19461333304814699  3383.8756294631244  3384.3591967302136  96.6145773720989  96.6475466785477  12.325055993901223  12.591700000110984  -53.48357055572  -53.43196415401346
0.19960850853837975  3384.841309118873  3385.324546852266  96.54867057134952  96.58163987779831  11.79073635236109  12.057896173131157  -53.58673356401527  -53.535127162308726
0.20460369331656325  3385.8063309213217  3386.2892391207106  96.48276370935668  96.51573301580547  11.255385080738002  11.523060716549546  -53.689896668174086  -53.63829026646754
0.2095988873470132  3386.7706948651908  3387.25327353027  96.41685678635567  96.44982609280446  10.719002178073325  10.987193629405663  -53.793059867828134  -53.74145346612159
0.21459409059425055  3387.73440094523  3388.216650075694  96.35094980258044  96.38391910902924  10.181587643412108  10.450294910742716  -53.89622316261123  -53.844616760904685
0.2195893030229999  3388.6974491562187  3389.179368751764  96.2850427582636  96.31801206471239  9.643141475803063  9.912364559607585  -53.99938655215929  -53.94778015045274
0.2245845245981879  3389.659839492964  3390.1414295532873  96.21913565363641  96.2521049600852  9.103663674298534  9.373402575050799  -54.1025500361103  -54.05094363440376
0.22957975528494184  3390.621571950302  3391.1028324751023  96.15322848892882  96.18619779537761  8.563154237954496  8.833408956126515  -54.20571361410434  -54.1541072123978
0.23457499504858798  3391.5826465230975  3392.0635775120745  96.08732126436946  96.12029057081826  8.02161316583052  8.292383701892508  -54.30887728578353  -54.25727088407699
0.23957024385465012  3392.543063206243  3393.023664659097  96.02141398018567  96.05438328663446  7.47904045698975  7.750326811410135  -54.41204105079203  -54.360434649085484
0.24456550166884805  3393.502821994659  3393.983093911092  95.95550663660347  95.98847594305226  6.935436110498895  7.2072382837443225  -54.51520490877602  -54.46359850706948
0.24956076845709613  3394.4619228832935  3394.941865263009  95.88959923384763  95.92256854029642  6.3908001254282  6.663118117963547  -54.6183688593837  -54.56676245767716
0.25455604418550176  3395.420365867122  3395.8999787098237  95.82369177214164  95.85666107859043  5.845132500851427  6.117966313139814  -54.72153290226525  -54.66992650055871
0.25955132882036397  3396.3781509411483  3396.8574342465413  95.7577842517077  95.7907535581565  5.29843323584584  5.571782868348634  -54.824697037072845  -54.7730906353663
0.264546622328172  3397.3352781004014  3397.814231868192  95.6918766727668  95.72484597921559  4.750702329492176  5.024567782669008  -54.92786126346059  -54.87625486175405
0.26954192467560373  3398.291747339939  3398.770371569835  95.62596903553863  95.65893834198742  4.2019397808746355  4.476321055183406  -55.03102558108458  -54.979419179378034
0.2745372358295245  3399.247558654844  3399.725853346554  95.5600613402417  95.5930306466905  3.652145589080855  3.9270426849777453  -55.1341899896028  -55.08258358789626
0.27953255575698543  3400.2027120402277  3400.680677193461  95.49415358709327  95.52712289354206  3.101319753201893  3.376732671141374  -55.237354488675194  -55.18574808696865
0.2845278844252223  3401.1572074912256  3401.634843105693  95.42824577630937  95.46121508275816  2.5494622723322067  2.82539101276705  -55.340519077963584  -55.28891267625704
0.2895232218016541  3402.1110450030005  3402.5883510784142  95.36233790810485  95.39530721455364  1.996573145569636  2.2730177089509214  -55.4436837571317  -55.39207735542516
0.29451856785388136  3403.0642245707418  3403.5412011068147  95.29642998269333  95.32939928914212  1.4426523720153845  1.7196127587925103  -55.546848525845135  -55.49524212413859
0.29951392254968534  3404.0167461896626  3404.4933931861083  95.23052200028727  95.26349130673606  0.8876999507739987  1.1651761613946916  -55.650013383771345  -55.5984069820648
0.3045092858570263  3404.9686098550033  3405.444927311537  95.16461396109793  95.19758326754672  0.33171588095335064  0.6097079158636747  -55.753178330579644  -55.7015719288731
0.3095046577440423  3405.9198155620284  3406.395803478366  95.09870586533539  95.13167517178418  -0.22529983833538042  0.05320802130898511  -55.85634336594117  -55.80473696423463
0.3145000381790478  3406.870363306029  3407.346021681888  95.0327977132086  95.06576701965739  -0.7833472079777266  -0.5043235231565535  -55.95950848952889  -55.90790208782235
0.3194954271305326  3407.8202530823205  3408.295581917419  94.96688950492532  94.99985881137411  -1.3424262288559499  -1.0628867184168382  -56.06267370101759  -56.011067299311044
0.3244908245671602  3408.7694848862425  3409.2444841802994  94.90098124069219  94.93395054714098  -1.9025369018490603  -1.622481565352505  -56.16583900008382  -56.11423259837728
0.3294862304577669  3409.71805871316  3410.192728465896  94.8350729207147  94.86804222716349  -2.463679227832833  -2.1831080648409467  -56.26900438640594  -56.217397984699396
0.3344816447713602  3410.6659745584625  3411.1403147695983  94.7691645451972  94.80213385164599  -3.0258532076798272  -2.74476621775633  -56.37216985966407  -56.320563457957526
0.33947706747711776  3411.6132324175633  3412.0872430868217  94.70325611434293  94.73622542079173  -3.5890588422594027  -3.307456024969615  -56.47533541954007  -56.42372901783353
0.34447249854438605  3412.5598322859  3413.033513413004  94.63734762835404  94.67031693480283  -4.153296132437738  -3.8711774873485703  -56.578501065717575  -56.52689466401103
0.34946793794267916  3413.505774158935  3413.979125743609  94.57143908743151  94.6044083938803  -4.718565079077848  -4.435930605757793  -56.681666797881924  -56.63006039617538
0.3544633856416776  3414.451058032152  3414.9240800741213  94.50553049177529  94.53849979822408  -5.284865683039602  -5.001715381058725  -56.78483261572018  -56.733226214013634
0.3594588416112271  3415.395683901061  3415.868376400052  94.4396218415842  94.47259114803299  -5.8521979451797375  -5.56853181410967  -56.88799851892111  -56.836392117214565
0.3644543058213373  3416.339651761195  3416.812014716935  94.37371313705599  94.40668244350478  -6.420561866351884  -6.136379905765811  -56.99116450717518  -56.939558105468635
0.3694497782421807  3417.282961608109  3417.7549950203265  94.30780437838735  94.34077368483614  -6.989957447406571  -6.705259656879227  -57.09433058017452  -57.04272417846798
0.37444525884409147  3418.225613437382  3418.6973173058063  94.24189556577387  94.27486487222266  -7.560384689191251  -7.275171068298911  -57.19749673761296  -57.145890335906415
0.3794407475975641  3419.1676072446157  3419.6389815689768  94.17598669941013  94.20895600585892  -8.131843592550315  -7.846114140870783  -57.30066297918595  -57.24905657747941
0.3844362444732525  3420.1089430254347  3420.579987805464  94.11007777948963  94.14304708593842  -8.704334158325107  -8.41808887543771  -57.40382930459061  -57.352222902884066
0.3894317494419687  3421.049620775486  3421.520336010916  94.04416880620482  94.07713811265361  -9.277856387353946  -8.991095272839527  -57.506995713525676  -57.45538931181913
0.3944272624746818  3421.9896404904393  3422.460026181003  93.97825977974715  94.01122908619594  -9.852410280472139  -9.565133333913042  -57.610162205691516  -57.55855580398497
0.3994227835425168  3422.9290021659863  3423.3990583114173  93.91235070030699  93.94532000675578  -10.42799583851199  -10.140203059492064  -57.7133287807901  -57.66172237908356
0.4044183126167535  3423.867705797841  3424.337432397875  93.84644156807373  93.87941087452252  -11.004613062302827  -10.716304450407408  -57.816495438525  -57.76488903681846
0.40941384966882527  3424.80575138174  3425.2751484361124  93.78053238323572  93.81350168968451  -11.582261952671011  -11.293437507486919  -57.91966217860138  -57.868055776894835
0.41440939467031823  3425.7431389134404  3426.212206421889  93.71462314598034  93.74759245242913  -12.160942510439959  -11.871602231555485  -58.022829000725956  -57.97122259901941
0.4194049475929699  3426.6798683887228  3427.148606350985  93.64871385649394  93.68168316294273  -12.740654736430152  -12.450798623435055  -58.12599590460703  -58.07438950290049
0.42440050840866833  3427.6159398033874  3428.084348219202  93.58280451496188  93.61577382141067  -13.321398631459157  -13.031026683944654  -58.22916288995445  -58.17755648824791
0.4293960770894508  3428.551353153257  3429.019432022364  93.51689512156855  93.54986442801734  -13.903174196341638  -13.612286413900398  -58.33232995647961  -58.28072355477307
0.4343916536075031  3429.4861084341755  3429.9538577563158  93.45098567649735  93.48395498294614  -14.485981431889368  -14.194577814115503  -58.43549710389543  -58.383890702188886
0.439387237935158  3430.420205642007  3430.8876254169218  93.38507617993072  93.41804548637951  -15.069820338911256  -14.777900885400312  -58.53866433191635  -58.48705793020981
0.44438283004489476  3431.3536447726387  3431.8207350000707  93.31916663205011  93.3521359384989  -15.654690918213355  -15.362255628562306  -58.64183164025832  -58.590225238551774
0.4493784299093377  3432.286425821976  3432.7531865016686  93.25325703303605  93.28622633948484  -16.24059317059887  -15.947642044406113  -58.74499902863878  -58.69339262693224
0.4543740375012553  3433.2185487859465  3433.684979917644  93.18734738306809  93.22031668951688  -16.827527096868195  -16.534060133733533  -58.84816649677668  -58.796560095070134
0.45936965279355935  3434.150013660498  3434.616115243946  93.12143768232485  93.15440698877364  -17.415492697818898  -17.121509897343547  -58.95133404439242  -58.899727642685875
0.46436527575930364  3435.0808204415985  3435.546592476542  93.05552793098401  93.0884972374328  -18.004489974245757  -17.709991336032328  -59.05450167120789  -59.002895269501344
0.4693609063716832  3436.010969125237  3436.4764116114243  92.98961812922232  93.02258743567111  -18.594518926940772  -18.299504450593265  -59.15766937694642  -59.10606297523988
0.4743565446040333  3436.940459707421  3437.405572644599  92.9237082772156  92.95667758366439  -19.18557955669317  -18.89004924181697  -59.26083716133281  -59.209230759626266
0.47935219042982835  3437.8692921841794  3438.334075572098  92.85779837513876  92.89076768158755  -19.77767186428943  -19.4816257104913  -59.364005024093274  -59.31239862238673
0.48434784382268103  3438.7974665515603  3439.261920389968  92.79188842316579  92.82485772961458  -20.370795850513296  -20.074233857401364  -59.46717296495546  -59.415566563248916
0.48934350475634125  3439.7249828056324  3440.1891070942806  92.72597842146978  92.75894772791857  -20.96495151614579  -20.667873683329542  -59.570340983648435  -59.51873458194189
0.4943391732046954  3440.6518409424825  3441.115635681122  92.66006837022292  92.69303767667171  -21.560138861965207  -21.262545189055498  -59.67350907990267  -59.62190267819613
0.4993348491417651  3441.578040958218  3442.0415061466015  92.5941582695965  92.6271275760453  -22.156357888747166  -21.858248375356187  -59.776677253450046  -59.7250708517435
0.5043305325417066  3442.5035828489654  3442.966718486846  92.52824811976096  92.56121742620975  -22.753608597264602  -22.454983243005884  -59.879845504023805  -59.82823910231726
0.5093262233788094  3443.4284666108692  3443.891272698  92.4623379208858  92.49530722733459  -23.351890988287778  -23.05274979277619  -59.9830138313586  -59.931407429652054
0.514321921627496  3444.3526922400947  3444.8151687762315  92.39642767313968  92.42939697958847  -23.9512050625843  -23.65154802543604  -60.08618223519042  -60.03457583348388
0.5193176272623203  3445.2762597328247  3445.7384067177227  92.3305173766904  92.36348668313919  -24.55155082091914  -24.25137794175172  -60.189350715256644  -60.1377443135501
0.5243133402579672  3446.1991690852615  3446.660986518677  92.26460703170487  92.29757633815366  -25.152928264054644  -24.852239542486892  -60.29251927129598  -60.24091286958944
0.5293090605892512  3447.121420293626  3447.582908175317  92.19869663834916  92.23166594479795  -25.75533739275054  -25.454132828402592  -60.39568790304848  -60.34408150134194
0.5343047882311162  3448.043013354158  3448.5041716838823  92.1327861967885  92.16575550323729  -26.35877820776396  -26.05705780025725  -60.498856610255544  -60.447250208549
0.539300523158634  3448.963948263115  3449.4247770406314  92.06687570718726  92.09984501363606  -26.963250709849454  -26.661014458806708  -60.60202539265987  -60.550418990953325
0.5442962653470037  3449.884225016773  3450.3447242418415  92.00096516970898  92.03393447615777  -27.568754899758986  -27.26600280480422  -60.70519425000548  -60.65358784829894
0.549292014771551  3450.803843611426  3451.264013283807  91.93505458451634  91.96802389096513  -28.175290778241973  -27.87202283900048  -60.80836318203771  -60.756756780331166
0.5542877714077268  3451.7228040433865  3452.1826441628414  91.8691439517712  91.90211325822  -28.782858346045288  -28.47907456214363  -60.91153218850318  -60.85992578679664
0.559283535231107  3452.6411063089845  3453.1006168752756  91.80323327163465  91.83620257808344  -29.391457603913253  -29.08715797497927  -61.0147012691498  -60.96309486744326
0.5642793062173912  3453.5587504045684  3454.017931417459  91.7373225442669  91.7702918507157  -30.00108855258769  -29.69627307825047  -61.117870423726764  -61.06626402202022
0.569275084342402  3454.4757363265035  3454.9345877857572  91.67141176982739  91.70438107627618  -30.611751192807894  -30.30641987269779  -61.22103965198452  -61.169433250277976
0.5742708695820844  3455.392064071173  3455.8505859765546  91.60550094847471  91.6384702549235  -31.223445525310673  -30.917598359059284  -61.3242089536748  -61.272602551968255
0.5792666619125044  3456.3077336349784  3456.765925986253  91.5395900803667  91.57255938681548  -31.836171550830358  -31.529808538070515  -61.42737832855057  -61.375771926844024
0.5842624613098488  3457.222745014337  3457.680607811271  91.47367916566036  91.50664847210915  -32.44992927009879  -32.143050410464575  -61.53054777636604  -61.4789413746595
0.5892582677504241  3458.137098205684  3458.5946314480448  91.40776820451194  91.44073751096073  -33.064718683845385  -32.75732397697209  -61.63371729687668  -61.58211089517014
0.5942540812106558  3459.0507932054725  3459.507996893027  91.34185719707688  91.37482650352567  -33.68053979279709  -33.37262923832124  -61.73688688983916  -61.68528048813262
0.5992499016670875  3459.9638300101715  3460.420704142689  91.27594614350984  91.30891544995863  -34.297392597678424  -33.98896619523776  -61.84005655501138  -61.78845015330484
0.60424572909638  3460.8762086162674  3461.332753193517  91.21003504396472  91.24300435041351  -34.91527709921148  -34.60633484844495  -61.94322629215245  -61.89161989044591
0.6092415634753109  3461.787929020263  3462.2441440420153  91.14412389859466  91.17709320504345  -35.53419329811594  -35.22473519866371  -62.04639610102269  -61.994789699316144
0.6142374047807735  3462.698991218679  3463.1548766847045  91.078212707552  91.11118201400079  -36.154141195109105  -35.84416724661252  -62.1495659813836  -62.09795957967706
0.6192332529897762  3463.609395208051  3464.064951118121  91.01230147098836  91.04527077743715  -36.77512079090587  -36.46463099300749  -62.252735932997886  -62.20112953129134
0.6242291080794414  3464.5191409849317  3464.974367338819  90.94639018905458  90.97935949550337  -37.39713208621879  -37.08612643856233  -62.35590595562942  -62.304299553922874
0.6292249700270055  3465.4282285458908  3465.883125343368  90.88047886190077  90.91344816834956  -38.02017508175801  -37.7086535839884  -62.45907604904325  -62.407469647336704
0.6342208388098173  3466.3366578875134  3466.791225128355  90.81456748967628  90.84753679612507  -38.644249778231384  -38.3322124299947  -62.56224621300559  -62.51063981129904
0.6392167144053377  3467.244429006401  3467.6986666903813  90.74865607252974  90.78162537897853  -39.269356176344374  -38.95680297728788  -62.6654164472838  -62.61381004557726
0.644212596791139  3468.1515418991717  3468.6054500260666  90.68274461060903  90.71571391705783  -39.89549427680015  -39.58242522657226  -62.76858675164641  -62.71698034993987
0.6492084859449039  3469.0579965624584  3469.5115751320436  90.61683310406131  90.6498024105101  -40.52266408029955  -40.20907917854985  -62.87175712586306  -62.82015072415652
0.654204381844425  3469.963792992911  3470.4170420049636  90.550921553033  90.5838908594818  -41.15086558754112  -40.836764833920334  -62.97492756970456  -62.92332116799802
0.6592002844676039  3470.868931187194  3471.3218506414914  90.48500995766983  90.51797926411862  -41.78009879922109  -41.465482193381106  -63.078098082942816  -63.02649168123627
0.6641961937924509  3471.7734111419886  3472.2260010383093  90.4190983181168  90.45206762456559  -42.41036371603346  -42.095231257627276  -63.18126866535086  -63.12966226364432
0.6691921097970835  3472.677232853991  3473.129493192114  90.35318663451818  90.38615594096697  -43.0416603386699  -42.72601202735168  -63.28443931670285  -63.23283291499631
0.6741880324597267  3473.5803963199132  3474.032327099618  90.28727490701756  90.32024421346635  -43.673988667819856  -43.35782450324488  -63.387610036774035  -63.33600363506749
0.6791839617587114  3474.4829015364817  3474.934502757549  90.22136313575783  90.25433244220662  -44.307348704170536  -43.990668685995196  -63.49078082534076  -63.43917442363421
0.6841798976724743  3475.3847485004394  3475.8360201626506  90.15545132088116  90.18842062732995  -44.941740448406875  -44.624544576288706  -63.59395168218046  -63.54234528047392
0.689175840179557  3476.285937208543  3476.73687931168  90.08953946252906  90.12250876897785  -45.57716390121162  -45.25945217480925  -63.69712260707166  -63.64551620536512
0.6941717892586053  3477.186467657565  3477.63708020141  90.02362756084233  90.05659686729112  -46.21361906326527  -45.895391482238445  -63.80029359979397  -63.748687198087424
0.6991677448883685  3478.0863398442934  3478.53662282863  89.95771561596109  89.99068492240988  -46.85110593524614  -46.532362499255704  -63.90346466012804  -63.851858258421494
0.7041637070476989  3478.9855537655303  3479.4355071901423  89.8918036280248  89.9247729344736  -47.48962451783035  -47.170365226538244  -64.0066357878556  -63.95502938614906
0.7091596757155509  3479.884109418093  3480.3337332827655  89.82589159717222  89.85886090362101  -48.12917481169184  -47.809399664761095  -64.10980698275945  -64.0582005810529
0.7141556508709808  3480.7820067988123  3481.23130110333  89.75997952354145  89.79294882999024  -48.76975681750237  -48.449465814597104  -64.2129782446234  -64.16137184291685
0.7191516324931452  3481.6792459045355  3482.1282106486856  89.69406740726993  89.72703671371872  -49.41137053593154  -49.090563676716954  -64.31614957323234  -64.26454317152579
0.7241476205613016  3482.575826732123  3483.0244619156915  89.62815524849442  89.66112455494321  -50.05401596764679  -49.732693251789165  -64.41932096837216  -64.36771456666561
0.7291436150548067  3483.47174927845  3483.9200549012244  89.56224304735106  89.59521235379985  -50.69769311331345  -50.37585454048012  -64.52249242982981  -64.47088602812326
0.7341396159531165  3484.367013540406  3484.814989602175  89.49633080397531  89.5293001104241  -51.342401973594676  -51.02004754345406  -64.62566395739324  -64.5740575556867
0.7391356232357852  3485.261619514895  3485.709266015447  89.43041851850198  89.46338782495077  -51.98814254915155  -51.66527226137311  -64.72883555085144  -64.67722914914489
0.7441316368824646  3486.155567198834  3486.602884137959  89.36450619106525  89.39747549751404  -52.63491484064299  -52.31152869489727  -64.83200720999437  -64.78040080828782
0.749127656872904  3487.0488565891555  3487.495843966643  89.29859382179863  89.33156312824742  -53.282718848725864  -52.95881684468443  -64.93517893461303  -64.88357253290648
0.7541236831869487  3487.9414876828055  3488.3881454984466  89.23268141083506  89.26565071728385  -53.93155457405493  -53.607136711390396  -65.0383507244994  -64.98674432279284
0.7591197158045403  3488.8334604767433  3489.2797887303295  89.16676895830676  89.19973826475555  -54.58142201728286  -54.256488295668895  -65.14152257944643  -65.08991617773988
0.7641157547057156  3489.7247749679427  3490.1707736592666  89.10085646434538  89.13382577079418  -55.232321179060264  -54.90687159817156  -65.2446944992481  -65.19308809754155
0.7691117998706057  3490.6154311533905  3491.0611002822443  89.03494392908193  89.06791323553072  -55.88425206003568  -55.55828661954797  -65.34786648369932  -65.29626008199277
0.7741078512794364  3491.505429030088  3491.950768596266  88.96903135264681  89.0020006590956  -56.53721466085561  -56.210733360445644  -65.451038532596  -65.39943213088945
0.7791039089125265  3492.3947685950493  3492.8397785983448  88.90311873516978  88.93608804161858  -57.19120898216451  -56.86421182151006  -65.55421064573501  -65.50260424402846
0.7840999727502878  3493.283449845302  3493.7281302855104  88.83720607678002  88.87017538322881  -57.846235024604795  -57.51872200338465  -65.65738282291417  -65.60577642120762
0.7890960427732244  3494.171472777888  3494.6158236548044  88.77129337760607  88.80426268405486  -58.502292788816874  -58.174263906710834  -65.76055506393226  -65.70894866222571
0.7940921189619323  3495.058837389861  3495.502858703281  88.70538063777587  88.73834994422467  -59.15938227543913  -58.830837532128  -65.863727368589  -65.81212096688245
0.7990882012970986  3495.9455436782882  3496.389235428009  88.63946785741679  88.67243716386558  -59.81750348510795  -59.48844288027354  -65.96689973668506  -65.91529333497851
0.8040842897595007  3496.831591640251  3497.2749538260705  88.57355503665556  88.60652434310435  -60.476656418457736  -60.14707995178284  -66.07007216802205  -66.0184657663155
0.8090803843300065  3497.716981272844  3498.1600138945596  88.50764217561834  88.54061148206713  -61.13684107612089  -60.80674874728931  -66.17324466240248  -66.12163826069593
0.814076484989573  3498.6017125731723  3499.0444156305825  88.4417292744307  88.47469858087949  -61.798057458727854  -61.46744926742437  -66.27641721962982  -66.22481081792327
0.8190725917192461  3499.4857855383566  3499.928159031261  88.37581633321761  88.4087856396664  -62.46030556690708  -62.12918151281747  -66.37958983950843  -66.32798343780188
0.8240687045001602  3500.369200165529  3500.8112440937275  88.30990335210349  88.34287265855228  -63.1235854012851  -62.79194548409609  -66.48276252184358  -66.43115612013703
0.8290648233135376  3501.2519564518343  3501.693670815127  88.24399033121213  88.27695963766092  -63.78789696248647  -63.455741181885784  -66.5859352664415  -66.53432886473495
0.8340609481406877  3502.1340543944307  3502.575439192619  88.17807727066679  88.21104657711558  -64.4532402511338  -64.12056860681014  -66.68910807310924  -66.63750167140269
0.8390570789630065  3503.0154939904887  3503.456549223374  88.11216417059015  88.14513347703894  -65.11961526784783  -64.78642775949082  -66.7922809416548  -66.74067453994824
0.8440532157619764  3503.8962752371913  3504.3370009045766  88.04625103110429  88.07922033755308  -65.78702201324732  -65.45331864054758  -66.89545387188704  -66.84384747018049
0.8490493585191655  3504.7763981317335  3505.2167942334213  87.98033785233076  88.01330715877955  -66.45546048794914  -66.12124125059823  -66.99862686361574  -66.94702046190919
0.8540455072162267  3505.655862671323  3506.095929207117  87.91442463439054  87.94739394083933  -67.12493069256824  -66.79019559025869  -67.10179991665153  -67.05019351494498
0.8590416618348978  3506.53466885318  3506.974405822884  87.84851137740405  87.88148068385284  -67.79543262771769  -67.46018166014296  -67.20497303080592  -67.15336662909937
0.8640378223570007  3507.4128166745363  3507.8522240779557  87.78259808149114  87.81556738793994  -68.46696629400869  -68.13119946086319  -67.30814620589128  -67.25653980418473
0.8690339887644405  3508.2903061326365  3508.7293839695762  87.71668474677115  87.74965405321994  -69.13953169205054  -68.80324899302961  -67.41131944172085  -67.3597130400143
0.8740301610392057  3509.1671372247365  3509.6058854950024  87.65077137336283  87.68374067981162  -69.81312882245068  -69.47633025725061  -67.51449273810873  -67.46288633640218
0.8790263391633674  3510.0433099481047  3510.4817286515035  87.58485796138439  87.61782726783318  -70.48775768581471  -70.1504432541327  -67.61766609486986  -67.56605969316331
0.8840225231190785  3510.9188243000217  3511.356913436361  87.51894451095352  87.55191381740231  -71.16341828274635  -70.82558798428053  -67.72083951182006  -67.66923311011351
0.8890187128885735  3511.793680277779  3512.231439846866  87.45303102218737  87.48600032863617  -71.84011061384747  -71.50176444829691  -67.82401298877595  -67.7724065870694
0.894014908454168  3512.667877878681  3513.1053078803243  87.38711749520255  87.42008680165134  -72.51783467971818  -72.17897264678282  -67.927186525555  -67.87558012384845
0.8990111097982582  3513.5414171000425  3513.9785175340508  87.32120393011512  87.35417323656391  -73.19659048095666  -72.85721258033742  -68.03036012197553  -67.97875372026898
0.9040073169033203  3514.4142979391913  3514.8510688053743  87.25529032704064  87.28825963348943  -73.87637801815934  -73.536484249558  -68.13353377785667  -68.08192737615012
0.90900352975191  3515.286520393466  3515.722961691634  87.18937668609414  87.22234599254293  -74.55719729192084  -74.2167876550401  -68.23670749301836  -68.18510109131181
0.9139997483266623  3516.1580844602167  3516.5941961901794  87.12346300739011  87.1564323138389  -75.23904830283395  -74.8981227973774  -68.33988126728138  -68.28827486557483
0.9189959726102908  3517.0289901368046  3517.4647722983736  87.05754929104256  87.09051859749135  -75.9219310514897  -75.58048967716182  -68.44305510046732  -68.39144869876077
0.9239922025855869  3517.8992374206036  3518.334690013591  86.99163553716494  87.02460484361373  -76.60584553847731  -76.2638882949835  -68.54622899239855  -68.494622590692
0.9289884382354202  3518.7688263089976  3519.203949333216  86.9257217458702  86.958691052319  -77.29079176438422  -76.94831865143077  -68.64940294289828  -68.59779654119173
0.9339846795427372  3519.637756799382  3520.0725502546434  86.85980791727081  86.8927772237196  -77.97676972979615  -77.63378074709019  -68.75257695179047  -68.70097055008392
0.9389809264905613  3520.506028889163  3520.9404927752817  86.79389405147869  86.82686335792748  -78.66377943529697  -78.32027458254656  -68.85575101889992  -68.80414461719337
0.943977179061992  3521.3736425757597  3521.8077768925496  86.72798014860528  86.76094945505407  -79.3518208814689  -79.00780015838293  -68.95892514405219  -68.90731874234564
0.9489734372402047  3522.2405978566  3522.674402603875  86.66206620876154  86.69503551521034  -80.04089406889234  -79.69635747518062  -69.06209932707362  -69.01049292536707
0.9539697010084502  3523.1068947291237  3523.5403699066997  86.5961522320579  86.6291215385067  -80.730998998146  -80.38594653351917  -69.16527356779136  -69.11366716608481
0.9589659703500545  3523.972533190782  3524.4056787984746  86.53023821860431  86.5632075250531  -81.42213566980685  -81.07656733397643  -69.2684478660333  -69.21684146432675
0.9639622452484176  3524.837513239036  3525.2703292766614  86.46432416851022  86.49729347495901  -82.11430408445013  -81.76821987712849  -69.3716222216281  -69.32001581992155
0.9689585256870138  3525.701834871358  3526.134321338733  86.39841008188459  86.43137938833338  -82.80750424264933  -82.46090416354973  -69.4747966344052  -69.42319023269864
0.973954811649391  3526.5654980852314  3526.997654982173  86.33249595883592  86.36546526528471  -83.5017361449763  -83.15462019381282  -69.57797110419479  -69.52636470248824
0.9789511031191703  3527.4285028781496  3527.860330204476  86.2665817994722  86.299551105921  -84.1969997920012  -83.84936796848875  -69.68114563082781  -69.62953922912126
0.9839474000800456  3528.2908492476167  3528.7223470031463  86.20066760390097  86.23363691034976  -84.8932951842924  -84.5451474881468  -69.78432021413599  -69.73271381242944
0.9889437025157827  3529.1525371911475  3529.583705375699  86.13475337222924  86.16772267867803  -85.5906223224167  -85.24195875335455  -69.88749485395175  -69.8358884522452
0.9939400104102197  3530.0135667062677  3530.444405319661  86.06883910456361  86.1018084110124  -86.28898120693917  -85.93980176467794  -69.99066955010828  -69.93906314840173
0.998936323747266  3530.8739377905126  3531.3044468325675  86.00292480101017  86.03589410745896  -86.98837183842319  -86.63867652268118  -70.0938443024395  -70.04223790073296
1.003932642510902  3531.733650441429  3532.1638299119663  85.93701046167455  85.96997976812334  -87.68879421743053  -87.33858302792686  -70.19701911078009  -70.14541270907354
1.008928966685179  3532.592704656572  3533.0225545554126  85.87109608666191  85.9040653931107  -88.39024834452125  -88.03952128097589  -70.30019397496541  -70.24858757325886
1.013925296254218  3533.451100433509  3533.880620760475  85.80518167607696  85.83815098252575  -89.09273422025383  -88.74149128238754  -70.40336889483159  -70.35176249312504
1.01892163120221  3534.3088377698164  3534.738028524729  85.73926723002394  85.77223653647273  -89.79625184518507  -89.44449303271945  -70.50654387021544  -70.45493746850889
1.0239179715134157  3535.165916663081  3535.5947778457635  85.67335274860663  85.70632205505542  -90.50080121987016  -90.14852653252761  -70.60971890095452  -70.55811249924797
1.0289143171721642  3536.0223371109  3536.450868721175  85.60743823192837  85.64040753837716  -91.20638234486263  -90.8535917823664  -70.7128939868871  -70.66128758518055
1.0339106681628536  3536.87809911088  3537.306301148572  85.54152368009203  85.57449298654082  -91.91299522071445  -91.55968878278854  -70.81606912785213  -70.76446272614558
1.03890702446995  3537.733202660638  3538.1610751255707  85.47560909320003  85.50857839964883  -92.62063984797591  -92.26681753434518  -70.9192443236893  -70.86763792198275
1.0439033860779876  3538.587647757801  3539.015190649799  85.40969447135437  85.44266377780316  -93.32931622719575  -92.97497803758583  -71.02241957423895  -70.9708131725324
1.0488997529715673  3539.4414344000047  3539.8686477188935  85.34377981465657  85.37674912110536  -94.03902435892108  -93.68417029305841  -71.12559487934217  -71.07398847763562
1.0538961251353578  3540.2945625848965  3540.721446330502  85.27786512320773  85.31083442965652  -94.74976424369744  -94.39439430130926  -71.22877023884072  -71.17716383713417
1.0588925025540936  3541.147032310132  3541.5735864822805  85.21195039710852  85.24491970355731  -95.46153588206879  -95.10565006288311  -71.33194565257703  -71.28033925087048
1.063888885212576  3541.998843573377  3542.425068171895  85.14603563645915  85.17900494290794  -96.17433927457749  -95.81793757832314  -71.43512112039424  -71.38351471868769
1.0688852730956722  3542.849996372307  3543.2758913970215  85.08012084135939  85.11309014780818  -96.88817442176436  -96.53125684817093  -71.53829664213615  -71.4866902404296
1.0738816661883142  3543.700490704607  3544.1260561553463  85.01420601190861  85.0471753183574  -97.60304132416866  -97.2456078729665  -71.64147221764723  -71.58986581594068
1.0788780644754996  3544.550326567971  3544.9755624445625  84.94829114820574  84.98126045465453  -98.31893998232806  -97.96099065324836  -71.74464784677266  -71.69304144506611
1.083874467942291  3545.399503960103  3545.8244102623767  84.88237625034927  84.91534555679806  -99.03587039677873  -98.6774051895534  -71.84782352935825  -71.7962171276517
1.0888708765738144  3546.2480228787163  3546.6725996065  84.81646131843726  84.84943062488605  -99.75383256805526  -99.394851482417  -71.95099926525049  -71.89939286354394
1.0938672903552606  3547.095883321533  3547.5201304746574  84.75054635256738  84.78351565901617  -100.47282649669069  -100.11332953237297  -72.05417505429652  -72.00256865258997
1.0988637092718836  3547.943085286286  3548.367002864581  84.68463135283686  84.71760065928565  -101.19285218321659  -100.83283933995364  -72.15735089634416  -72.1057444946376
1.1038601333090008  3548.7896287707163  3549.213216774013  84.61871631934251  84.6516856257913  -101.91390962816297  -101.55338090568978  -72.26052679124184  -72.2089203895353
1.1088565624519922  3549.6355137725736  3550.0587722007026  84.55280125218073  84.58577055862952  -102.63599883205833  -102.27495423011065  -72.3637027388387  -72.31209633713215
1.1138529966863007  3550.4807402896176  3550.9036691424108  84.48688615144751  84.5198554578963  -103.35911979542965  -102.99755931374399  -72.46687873898446  -72.41527233727791
1.1188494359974313  3551.325308319617  3551.7479075969063  84.42097101723843  84.45394032368722  -104.08327251880243  -103.72119615711604  -72.57005479152953  -72.51844838982298
1.1238458803709503  3552.1692178603494  3552.591487561968  84.35505584964866  84.38802515609746  -104.80845700270066  -104.44586476075155  -72.67323089632492  -72.62162449461837
1.1288423297924863  3553.0124689096015  3553.434409035382  84.28914064877297  84.32210995522176  -105.53467324764685  -105.17156512517376  -72.77640705322231  -72.72480065151576
1.1338387842477284  3553.8550614651685  3554.276672014945  84.22322541470572  84.25619472115451  -106.26192125416202  -105.89829725090443  -72.879583262074  -72.82797686036744
1.1388352437224265  3554.696995524855  3555.118276498461  84.15731014754087  84.19027945398966  -106.99020102276569  -106.62606113846385  -72.98275952273289  -72.93115312102634
1.143831708202391  3555.5382710864747  3555.9592224837447  84.09139484737199  84.12436415382078  -107.71951255397596  -107.35485678837082  -73.08593583505255  -73.034329433346
1.1488281776734925  3556.378888147849  3556.799509968618  84.02547951429224  84.05844882074103  -108.44985584830943  -108.0846842011427  -73.18911219888713  -73.13750579718058
1.1538246521216613  3557.2188467068086  3557.639138950912  83.9595641483944  83.9925334548432  -109.18123090628123  -108.81554337729533  -73.29228861409142  -73.24068221238487
1.1588211315328871  3558.0581467611937  3558.478109428468  83.89364874977086  83.92661805621965  -109.91363772840506  -109.54743431734315  -73.39546508052081  -73.34385867881426
1.1638176158932185  3558.8967883088517  3559.3164213991327  83.8277333185136  83.86070262496239  -110.6470763151932  -110.28035702179913  -73.4986415980313  -73.44703519632475
1.168814105188763  3559.7347713476397  3560.1540748607645  83.76181785471422  83.79478716116301  -111.38154666715644  -111.01431149117482  -73.60181816647952  -73.55021176477297
1.1738105994056864  3560.572095875423  3560.991069811229  83.69590235846397  83.72887166491276  -112.11704878480418  -111.74929772598031  -73.70499478572266  -73.65338838401611
1.1788070985302128  3561.4087618900758  3561.8274062484  83.62998682985365  83.66295613630244  -112.85358266864435  -112.48531572672427  -73.80817145561855  -73.756565053912
1.1838036025486238  3562.24476938948  3562.6630841701617  83.56407126897373  83.59704057542253  -113.59114831918347  -113.22236549391391  -73.9113481760256  -73.85974177431905
1.1888001114472584  3563.080118371526  3563.498103574403  83.4981556759143  83.5311249823631  -114.32974573692667  -113.96044702805507  -74.0145249468028  -73.96291854509624
1.193796625212513  3563.914808834114  3564.3324644590257  83.43224005076506  83.46520935721385  -115.06937492237762  -114.69956032965214  -74.11770176780975  -74.0660953661032
1.1987931438308406  3564.7488407751503  3565.1661668219363  83.36632439361533  83.39929370006412  -115.81003587603865  -115.43970539920814  -74.22087863890663  -74.16927223720008
1.2037896672887507  3565.5822141925505  3565.9992106610507  83.30040870455406  83.33337801100285  -116.55172859841065  -116.18088223722465  -74.32405555995419  -74.27244915824764
1.208786195572809  3566.4149290842392  3566.8315959742945  83.23449298366984  83.26746229011863  -117.29445308999311  -116.92309084420188  -74.42723253081378  -74.37562612910723
1.2137827286696372  3567.2469854481483  3567.663322759599  83.16857723105088  83.20154653749967  -118.0382093512842  -117.66633122063865  -74.53040955134732  -74.47880314964077
1.2187792665659123  3568.0783832822176  3568.494391014905  83.10266144678502  83.13563075323381  -118.7829973827806  -118.4106033670324  -74.6335866214173  -74.58198021971074
1.2237758092483664  3568.909122584396  3569.324800738162  83.03674563095977  83.06971493740856  -119.5288171849777  -119.15590728387915  -74.73676374088677  -74.68515733918022
1.228772356703787  3569.7392033526394  3570.1545519273263  82.97082978366224  83.00379909011103  -120.2756687583695  -119.9022429716736  -74.83994090961937  -74.78833450791282
1.2337689089190158  3570.5686255849128  3570.9836445803635  82.9049139049792  82.93788321142799  -121.02355210344862  -120.64961043090906  -74.9431181274793  -74.89151172577274
1.2387654658809493  3571.3973892791882  3571.8120786952454  82.83899799499704  82.87196730144584  -121.77246722070635  -121.39800966207748  -75.04629539433128  -74.99468899262473
1.2437620275765375  3572.225494433446  3572.639854269953  82.77308205380183  82.80605136025062  -122.52241411063258  -122.14744066566946  -75.14947271004064  -75.09786630833409
1.2487585939927848  3573.0529410456743  3573.4669713024755  82.70716608147924  82.74013538792804  -123.27339277371593  -122.89790344217425  -75.25265007447325  -75.2010436727667
1.2537551651167482  3573.8797291138694  3574.293429790809  82.64125007811462  82.67421938456341  -124.02540321044359  -123.64939799207976  -75.35582748749552  -75.30422108578897
1.2587517409355384  3574.705858636035  3575.1192297329576  82.57533404379296  82.60830335024175  -124.77844542130148  -124.40192431587253  -75.45900494897441  -75.40739854726786
1.2637483214363188  3575.531329610182  3575.944371126933  82.50941797859892  82.54238728504771  -125.53251940677416  -125.15548241403782  -75.56218245877743  -75.51057605707088
1.2687449066063055  3576.3561420343312  3576.7688539707565  82.44350188261677  82.47647118906556  -126.28762516734486  -125.9100722870595  -75.66536001677264  -75.61375361506609
1.2737414964327667  3577.180295906509  3577.5926782624542  82.37758575593048  82.41055506237927  -127.04376270349553  -126.6656939354202  -75.76853762282863  -75.71693122112208
1.2787380909030226  3578.00379122475  3578.415844000062  82.31166959862365  82.34463890507244  -127.80093201570676  -127.42234735960115  -75.87171527681453  -75.82010887510798
1.2837346900044455  3578.826627987096  3579.238351181621  82.24575341077954  82.27872271722833  -128.55913310445786  -128.1800325600823  -75.9748929786  -75.92328657689345
1.2887312937244586  3579.648806191597  3580.060199805183  82.1798371924811  82.2128064989299  -129.31836597022678  -128.93874953734232  -76.07807072805522  -76.02646432634867
1.2937279020505366  3580.470325836311  3580.881389868806  82.1139209438109  82.14689025025969  -130.07863061349028  -129.69849829185853  -76.18124852505095  -76.1296421233444
1.2987245149702047  3581.2911869193026  3581.701921370554  82.0480046648512  82.0809739713  -130.83992703472373  -130.459278824107  -76.2844263694584  -76.23281996775185
1.3037211324710392  3582.1113894386435  3582.5217943085  81.98208835568393  82.01505766213272  -131.60225523440127  -131.2210911345625  -76.38760426114935  -76.3359978594428
1.3087177545406665  3582.930933392414  3583.3410086807244  81.91617201639068  81.94914132283947  -132.36561521299572  -131.9839352236985  -76.49078219999609  -76.43917579828954
1.313714381166763  3583.7498187787005  3584.1595644853146  81.85025564705269  81.88322495350148  -133.1300069709786  -132.74781109198716  -76.59396018587142  -76.54235378416487
1.3187110123370551  3584.5680455955985  3584.977461720366  81.7843392477509  81.8173085541997  -133.89543050882023  -133.5127187398994  -76.69713821864867  -76.64553181694212
1.3237076480393182  3585.385613841209  3585.79470038398  81.71842281856594  81.75139212501473  -134.66188582698967  -134.27865816790495  -76.80031629820168  -76.74870989649513
1.3287042882613775  3586.2025235136402  3586.611280474265  81.65250635957807  81.68547566602686  -135.42937292595465  -135.04562937647216  -76.90349442440477  -76.85188802269822
1.3337009329911071  3587.0187746110087  3587.4272019893388  81.58658987086724  81.61955917731603  -136.19789180618162  -135.81363236606813  -77.00667259713278  -76.95506619542623
1.3386975822164298  3587.834367131438  3588.2424649273244  81.5206733525131  81.55364265896189  -136.96744246813589  -136.58266713715875  -77.10985081626106  -77.05824441455451
1.3436942359253166  3588.6493010730583  3589.057069286353  81.45475680459495  81.48772611104374  -137.73802491228142  -137.35273369020865  -77.21302908166547  -77.16142267995892
1.348690894105787  3589.463576434007  3589.871015064562  81.3888402271918  81.4218095336406  -138.50963913908103  -138.12383202568122  -77.31620739322234  -77.26460099151579
1.3536875567459081  3590.2771932124288  3590.684302260097  81.32292362038234  81.35589292683113  -139.28228514899618  -138.8959621440386  -77.41938575080853  -77.36777934910198
1.3586842238337953  3591.0901514064753  3591.4969308711097  81.25700698424492  81.28997629069372  -140.05596294248718  -139.66912404574168  -77.52256415430135  -77.4709577525948
1.363680895357611  3591.9024510143054  3592.308900895759  81.1910903188576  81.2240596253064  -140.8306725200131  -140.44331773125015  -77.62574260357864  -77.5741362018721
1.3686775713055648  3592.714092034084  3593.1202123322105  81.12517362429813  81.15814293074692  -141.60641388203183  -141.21854320102247  -77.7289210985187  -77.67731469681215
1.3736742516659135  3593.525074463984  3593.9308651786378  81.05925690064394  81.09222620709274  -142.38318702899997  -141.9948004555159  -77.83209963900032  -77.78049323729377
1.3786709364269603  3594.3353983021843  3594.7408594332196  80.99334014797216  81.02630945442095  -143.1609919613729  -142.77208949518644  -77.93527822490277  -77.88367182319622
1.383667625577055  3595.1450635468714  3595.5501950941434  80.9274233663596  80.9603926728084  -143.93982867960486  -143.55041032048888  -78.03845685610582  -77.98685045439927
1.3886643191045935  3595.9540701962383  3596.3588721596025  80.8615065558828  80.89447586233159  -144.71969718414883  -144.32976293187684  -78.1416355324897  -78.09002913078315
1.3936610169980177  3596.7624182484847  3597.1668906277964  80.79558971661794  80.82855902306673  -145.50059747545666  -145.11014732980274  -78.2448142539351  -78.19320785222855
1.3986577192458154  3597.5701077018166  3597.9742504969317  80.72967284864094  80.76264215508974  -146.28252955397895  -145.8915635147178  -78.34799302032322  -78.29638661861667
1.4036544258365193  3598.377138554448  3598.780951765223  80.66375595202743  80.69672525847622  -147.0654934201651  -146.67401148707202  -78.45117183153569  -78.39956542982914
1.4086511367587082  3599.183510804598  3599.58699443089  80.59783902685271  80.6308083333015  -147.84948907446338  -147.45749124731424  -78.55435068745463  -78.50274428574808
1.4136478520010052  3599.9892244504936  3600.39237849216  80.5319220731918  80.56489137964059  -148.63451651732086  -148.24200279589212  -78.65752958796261  -78.60592318625606
1.4186445715520781  3600.794279490368  3601.197103947266  80.4660050911194  80.49897439756819  -149.42057574918343  -149.02754613325214  -78.76070853294269  -78.70910213123614
1.4236412954006399  3601.598675922461  3602.001170794449  80.40008808070996  80.43305738715875  -150.20766677049576  -149.8141212598396  -78.86388752227835  -78.8122811205718
1.4286380235354474  3602.4024137450187  3602.8045790319547  80.33417104203762  80.36714034848642  -150.99578958170147  -150.60172817609862  -78.96706655585355  -78.915460154147
1.4336347559453015  3603.2054929562937  3603.6073286580363  80.26825397517622  80.30122328162501  -151.78494418324297  -151.39036688247222  -79.0702456335527  -79.01863923184615
1.4386314926190469  3604.0079135545448  3604.409419670953  80.20233688019931  80.2353061866481  -152.57513057556142  -152.1800373794022  -79.17342475526068  -79.12181835355413
1.4436282335455721  3604.809675538038  3605.2108520689712  80.13641975718015  80.16938906362894  -153.36634875909695  -152.97073966732918  -79.2766039208628  -79.22499751915625
1.4486249787138088  3605.6107789050457  3606.011625850364  80.07050260619174  80.10347191264053  -154.15859873428852  -153.76247374669273  -79.3797831302448  -79.32817672853825
1.453621728112732  3606.411223653846  3606.811741013409  80.00458542730676  80.03755473375556  -154.95188050157392  -154.55523961793122  -79.4829623832929  -79.43135598158635
1.4586184817313592  3607.211009782723  3607.6111975563917  79.93866822059765  79.97163752704644  -155.7461940613898  -155.34903728148186  -79.58614167989376  -79.5345352781872
1.4636152395587512  3608.010137289969  3608.4099954776043  79.87275098613652  79.90572029258531  -156.54153941417164  -156.1438667377807  -79.68932101993445  -79.6377146182279
1.468612001584011  3608.80860617388  3609.208134775343  79.80683372399524  79.83980303044403  -157.33791656035393  -156.93972798726278  -79.79250040330251  -79.74089400159596
1.4736087677962837  3609.6064164327604  3610.0056154479125  79.74091643424538  79.77388574069417  -158.13532550036987  -157.7366210303619  -79.8956798298859  -79.84407342817936
1.4786055381847567  3610.40356806492  3610.8024374936235  79.67499911695822  79.70796842340701  -158.93376623465164  -158.53454586751076  -79.99885929957304  -79.94725289786649
1.4836023127386593  3611.200061068674  3611.598600910791  79.6090817722048  79.6420510786536  -159.73323876363028  -159.33350249914096  -80.10203881225274  -80.0504324105462
1.488599091447262  3611.995895442346  3612.394105697739  79.54316440005587  79.57613370650466  -160.53374308773576  -160.13349092568302  -80.20521836781427  -80.15361196610772
1.493595874299877  3612.7910711842633  3613.188951852796  79.4772470005819  79.51021630703069  -161.33527920739684  -160.9345111475663  -80.3083979661473  -80.25679156444075
1.4985926612858576  3613.5855882927603  3613.9831393742957  79.41132957385308  79.44429888030187  -162.13784712304127  -161.73656316521905  -80.41157760714196  -80.35997120543541
1.5035894523945983  3614.3794467661774  3614.776668260579  79.34541211993935  79.37838142638815  -162.9414468350956  -162.53964697906844  -80.51475729068879  -80.46315088898224
1.508586247615534  3615.1726466028613  3615.5695385099934  79.27949463891039  79.31246394535918  -163.74607834398543  -163.34376258954052  -80.61793701667874  -80.56633061497219
1.5135830469381404  3615.965187801164  3616.361750120891  79.21357713083557  79.24654643728437  -164.55174165013514  -164.1489099970603  -80.72111678500318  -80.66951038329663
1.5185798503519334  3616.7570703594447  3617.153303091631  79.14765959578405  79.18062890223284  -165.3584367539681  -164.95508920205162  -80.82429659555389  -80.77269019384734
1.5235766578464691  3617.548294276067  3617.944197420578  79.08174203382467  79.11471134027346  -166.16616365590656  -165.76230020493733  -80.92747644822309  -80.87587004651654
1.5285734694113435  3618.338859549401  3618.7344331061026  79.01582444502604  79.04879375147483  -166.9749223563717  -166.57054300613913  -81.0306563429034  -80.97904994119685
1.5335702850361925  3619.1287661778233  3619.5240101465806  78.9499068294565  78.98287613590529  -167.78471285578368  -167.3798176060777  -81.13383627948785  -81.0822298777813
1.5385671047106912  3619.9180141597158  3620.312928540395  78.88398918718413  78.91695849363292  -168.59553515456147  -168.19012400517258  -81.23701625786987  -81.18540985616332
1.5435639284245544  3620.7066034934664  3621.1011882859348  78.81807151827675  78.85104082472554  -169.4073892531231  -169.0014622038423  -81.3401962779433  -81.28858987623676
1.5485607561675359  3621.4945341774687  3621.8887893815922  78.75215382280193  78.78512312925072  -170.2202751518855  -169.8138322025043  -81.4433763396024  -81.39176993789584
1.5535575879294283  3622.281806210122  3622.6757318257683  78.68623610082696  78.71920540727575  -171.03419285126446  -170.62723400157498  -81.54655644274179  -81.49495004103524
1.558554423700063  3623.068419589831  3623.4620156168676  78.6203183524189  78.6532876588677  -171.84914235167483  -171.44166760146965  -81.64973658725654  -81.59813018554999
1.56355126346931  3623.854374315007  3624.2476407533013  78.55440057764456  78.58736988409335  -172.66512365353034  -172.2571330026026  -81.75291677304209  -81.70131037133554
1.5685481072270777  3624.639670384067  3625.0326072334874  78.48848277657045  78.52145208301924  -173.4821367572437  -173.07363020538702  -81.85609699999428  -81.80449059828773
1.5735449549633125  3625.424307795432  3625.816915055847  78.42256494926289  78.45553425571168  -174.3001816632266  -173.89115921023514  -81.95927726800934  -81.9076708663028
1.5785418066679988  3626.208286547531  3626.6005642188093  78.3566470957879  78.3896164022367  -175.11925837188963  -174.7097200175581  -82.06245757698392  -82.01085117527737
1.583538662331159  3626.991606638797  3627.383554720808  78.29072921621129  78.32369852266008  -175.9393668836424  -175.52931262776602  -82.165637926815  -82.11403152510844
1.5885355219428525  3627.7742680676683  3628.1658865602817  78.2248113105986  78.25778061704739  -176.76050719889346  -176.34993704126794  -82.2688183174  -82.21721191569345
1.5935323854931769  3628.55627083259  3628.9475597356754  78.15889337901513  78.19186268546392  -177.58267931805042  -177.17159325847194  -82.37199874863671  -82.32039234693016
1.5985292529722663  3629.3376149320125  3629.7285742454396  78.09297542152592  78.12594472797471  -178.40588324151972  -177.99428127978507  -82.47517922042331  -82.42357281871676
1.603526124370292  3630.1183003643905  3630.5089300880304  78.02705743819578  78.06002674464457  -179.23011896970687  -178.8180011056133  -82.57835973265836  -82.5267533309518
1.6085229996774626  3630.8983271281854  3631.2886272619085  77.96113942908929  77.99410873553808  -180.05538650301636  -179.64275273636162  -82.68154028524077  -82.62993388353422
1.6135198788840226  3631.677695221864  3632.0676657655413  77.89522139427076  77.92819070071955  -180.8816858418517  -180.46853617243403  -82.78472087806989  -82.73311447636334
1.6185167619802534  3632.4564046438973  3632.846045597401  77.82930333380429  77.86227264025308  -181.70901698661535  -181.29535141423352  -82.88790151104538  -82.83629510933883
1.6235136489564728  3633.2344553927633  3633.6237667559644  77.7633852477537  77.7963545542025  -182.53737993770872  -182.12319846216204  -82.99108218406732  -82.93947578236077
1.6285105398030344  3634.011847466944  3634.4008292397148  77.69746713618262  77.73043644263142  -183.3667746955323  -182.95207731662052  -83.09426289703616  -83.04265649532961
1.6335074345103278  3634.788580864928  3635.1772330471413  77.63154899915442  77.66451830560321  -184.19720126048563  -183.78198797800897  -83.19744364985269  -83.14583724814614
1.6385043330687785  3635.5646555852077  3635.9529781767355  77.56563083673221  77.598600143181  -185.02865963296708  -184.61293044672635  -83.30062444241808  -83.24901804071153
1.6435012354688474  3636.340071626282  3636.7280646269983  77.4997126489789  77.53268195542769  -185.86114981337417  -185.44490472317062  -83.40380527463391  -83.35219887292736
1.648498141701031  3637.1148289866555  3637.502492396433  77.43379443595717  77.46676374240596  -186.69467180210344  -186.2779108077388  -83.50698614640206  -83.4553797446955
1.6534950517558606  3637.888927664836  3638.2762614835483  77.36787619772943  77.40084550417822  -187.52922559955041  -187.11194870082693  -83.6101670576248  -83.55856065591826
1.658491965623903  3638.662367659338  3639.049371886859  77.3019579343579  77.33492724080669  -188.36481120610958  -187.94701840283  -83.7133480082048  -83.66174160649825
1.6634888832957597  3639.4351489686815  3639.8218236048856  77.23603964590454  77.26900895235333  -189.20142862217457  -188.78311991414208  -83.81652899804503  -83.76492259633848
1.668485804762067  3640.20727159139  3640.5936166361516  77.17012133243111  77.2030906388799  -190.03907784813796  -189.62025323515627  -83.91971002704884  -83.86810362534229
1.6734827300134953  3640.978735525994  3641.3647509791886  77.10420299399911  77.1371723004479  -190.8777588843914  -190.45841836626468  -84.02289109511995  -83.9712846934134
1.67847965904075  3641.749540771028  3642.1352266325302  77.03828463066984  77.07125393711863  -191.71747173132553  -191.29761530785845  -84.12607220216242  -84.07446580045587
1.6834765918345702  3642.519687325032  3642.9050435947174  76.97236624250435  77.00533554895314  -192.55821638933008  -192.1378440603278  -84.22925334808068  -84.17764694637413
1.6884735283857293  3643.289175186551  3643.674201864296  76.90644782956349  76.93941713601228  -193.39999285879384  -192.97910462406196  -84.33243453277947  -84.28082813107292
1.6934704686850346  3644.058004354135  3644.442701439815  76.84052939190788  76.87349869835667  -194.24280114010458  -193.8213969994492  -84.43561575616394  -84.38400935445739
1.6984674127233268  3644.826174826339  3645.210542319831  76.77461092959791  76.8075802360467  -195.08664123364917  -194.66472118687687  -84.53879701813953  -84.48719061643298
1.70346436049148  3645.5936866017228  3645.977724502903  76.70869244269375  76.74166174914254  -195.9315131398135  -195.50907718673133  -84.64197831861208  -84.59037191690553
1.7084613119804024  3646.3605396788507  3646.7442479875963  76.64277393125535  76.67574323770414  -196.77741685898252  -196.354464999398  -84.74515965748772  -84.69355325578117
1.7134582671810348  3647.1267340562936  3647.510112772482  76.57685539534245  76.60982470179124  -197.62435239154036  -197.20088462526144  -84.84834103467296  -84.7967346329664
1.718455226084351  3647.892269732626  3648.275318856135  76.51093683501456  76.54390614146335  -198.47231973787  -198.04833606470518  -84.95152245007463  -84.89991604836808
1.7234521886813583  3648.6571467064277  3649.039866237135  76.44501825033099  76.47798755677978  -199.3213188983537  -198.89681931811185  -85.05470390359993  -85.00309750189338
1.728449154963096  3649.4213649762833  3649.803754914067  76.37909964135082  76.41206894779961  -200.1713498733726  -199.74633438586315  -85.15788539515636  -85.1062789934498
1.7334461249206363  3650.1849245407816  3650.5669848855205  76.31318100813291  76.3461503145817  -201.02241266330708  -200.59688126833984  -85.26106692465177  -85.20946052294522
1.7384430985450836  3650.9478253985176  3651.3295561500904  76.24726235073594  76.28023165718473  -201.87450726853655  -201.4484599659218  -85.36424849199437  -85.31264209028782
1.743440075827575  3651.71006754809  3652.091468706376  76.18134366921832  76.21431297566711  -202.72763368943941  -202.30107047898798  -85.46743009709267  -85.41582369538612
1.748437056759279  3652.4716509881027  3652.852722552981  76.1154249636383  76.1483942700871  -203.5817919263933  -203.15471280791635  -85.57061173985552  -85.51900533814897
1.753434041331397  3653.2325757171643  3653.6133176885146  76.04950623405391  76.0824755405027  -204.43698197977477  -204.00938695308403  -85.6737934201921  -85.62218701848555
1.758431029535161  3653.9928417338883  3654.373254111591  75.98358748052294  76.01655678697173  -205.29320384995964  -204.8650929148672  -85.7769751380119  -85.72536873630536
1.7634280213618359  3654.752449036893  3655.132531820828  75.917668703103  75.9506380095518  -206.15045753732267  -205.72183069364115  -85.8801568932248  -85.82855049151824
1.768425016802717  3655.5113976248  3655.8911508148476  75.85174990185149  75.88471920830028  -207.00874304223782  -206.57960028978025  -85.98333868574092  -85.93173228403437
1.7734220158491314  3656.2696874962376  3656.649111092279  75.78583107682559  75.81880038327438  -207.86806036507818  -207.438401703658  -86.08652051547077  -86.03491411376422
1.7784190184924373  3657.0273186498375  3657.4064126517537  75.71991222808228  75.75288153453107  -208.72840950621583  -208.298234935647  -86.18970238232514  -86.13809598061859
1.783416024724024  3657.784291084237  3658.1630554919097  75.65399335567835  75.68696266212714  -209.589790466022  -209.15909998611892  -86.29288428621517  -86.24127788450862
1.788413034535312  3658.540604798077  3658.9190396113877  75.58807445967037  75.62104376611916  -210.45220324486712  -210.02099685544457  -86.39606622705229  -86.34445982534574
1.7934100479177517  3659.296259790003  3659.674365008834  75.52215554011471  75.5551248465635  -211.3156478431206  -210.88392554399385  -86.49924820474827  -86.44764180304172
1.7984070648628248  3660.0512560586662  3660.429031682899  75.45623659706753  75.48920590351632  -212.18012426115098  -211.74788605213578  -86.6024302192152  -86.55082381750864
1.803404085362043  3660.805593602721  3661.1830396322384  75.39031763058482  75.42328693703361  -213.04563249932608  -212.61287838023853  -86.70561227036545  -86.6540058686589
1.8084011094069488  3661.5592724208273  3661.9363888555126  75.32439864072234  75.35736794717113  -213.91217255801268  -213.47890252866938  -86.80879435811174  -86.75718795640519
1.8133981369891143  3662.3122925116486  3662.6890793513844  75.25847962753565  75.29144893398444  -214.7797444375767  -214.3459584977947  -86.91197648236708  -86.86037008066053
1.818395168100142  3663.064653873854  3663.4411111185236  75.19256059108014  75.22552989752893  -215.6483481383833  -215.21404628798  -87.01515864304478  -86.96355224133823
1.8233922027316642  3663.8163565061154  3664.192484155603  75.12664153141097  75.15961083785976  -216.5179836607967  -216.08316589959  -87.11834084005851  -87.06673443835196
1.8283892408753428  3664.567400407111  3664.9431984613  75.06072244858314  75.09369175503193  -217.38865100518018  -216.95331733298843  -87.22152307332217  -87.16991667161562
1.8333862825228693  3665.317785575523  3665.693254034298  74.99480334265141  75.0277726491002  -218.26035017189633  -217.82450058853826  -87.32470534275004  -87.27309894104349
1.8383833276659647  3666.067512010037  3666.442650873282  74.92888421367039  74.96185352011918  -219.1330811613068  -218.69671566660156  -87.42788764825664  -87.37628124655009
1.8433803762963792  3666.8165797093434  3667.191388976944  74.86296506169447  74.89593436814326  -220.00684397377228  -219.56996256753953  -87.53106998975686  -87.47946358805031
1.8483774284058923  3667.5649886721376  3667.939468343978  74.79704588677785  74.83001519322664  -220.88163860965278  -220.44424129171253  -87.63425236716583  -87.58264596545928
1.8533744839863124  3668.312738897119  3668.686888973085  74.73112668897456  74.76409599542335  -221.7574650693074  -221.31955183948008  -87.737434780399  -87.68582837869245
1.8583715430294772  3669.0598303829906  3669.4336508629676  74.66520746833841  74.6981767747872  -222.63432335309432  -222.19589421120085  -87.84061722937213  -87.78901082766558
1.8633686055272525  3669.8062631284606  3670.1797540123343  74.59928822492303  74.63225753137182  -223.51221346137095  -223.07326840723263  -87.94379971400126  -87.89219331229471
1.868365671471533  3670.5520371322414  3670.925198419898  74.53336895878188  74.56633826523067  -224.39113539449392  -223.95167442793243  -88.04698223420273  -87.99537583249618
1.8733627408542424  3671.2971523930496  3671.6699840843758  74.4674496699682  74.500418976417  -225.2710891528189  -224.8311122736564  -88.1501647898932  -88.09855838818665
1.8783598136673318  3672.0416089096057  3672.414111004488  74.40153035853508  74.43449966498387  -226.15207473670074  -225.7115819447598  -88.25334738098958  -88.20174097928303
1.8833568899027813  3672.785406680634  3673.1575791789587  74.3356110245354  74.36858033098419  -227.03409214649355  -226.59308344159714  -88.3565300074091  -88.30492360570256
1.8883539695525988  3673.528545704864  3673.900388606519  74.26969166802184  74.30266097447063  -227.9171413825506  -227.47561676452207  -88.45971266906928  -88.40810626736273
1.8933510526088202  3674.271025981029  3674.6425392859014  74.20377228904692  74.23674159549572  -228.8012224452242  -228.3591819138874  -88.5628953658879  -88.51128896418135
1.898348139063509  3675.012847507867  3675.384031215844  74.13785288766299  74.17082219411178  -229.686335334866  -229.2437788900451  -88.66607809778304  -88.61447169607649
1.903345228908757  3675.7540102841185  3676.124864395089  74.07193346392218  74.10490277037097  -230.57248005182674  -230.12940769334637  -88.7692608646731  -88.71765446296655
1.9083423221366826  3676.49451430853  3676.865038822382  74.00601401787645  74.03898332432524  -231.4596565964564  -231.01606832414157  -88.87244366647673  -88.82083726477018
1.9133394187394328  3677.234359579851  3677.6045544964727  73.94009454957761  73.9730638560264  -232.34786496910408  -231.90376078278024  -88.97562650311286  -88.92402010140631
1.918336518709181  3677.973546096836  3678.343411416116  73.87417505907725  73.90714436552604  -233.23710517011813  -232.7924850696111  -89.07880937450074  -89.02720297279419
1.923333622038128  3678.712073858242  3679.0816095800697  73.80825554642679  73.84122485287558  -234.12737719984608  -233.6822411849821  -89.18199228055984  -89.13038587885329
1.9283307287185023  3679.4499428628324  3679.819148987097  73.7423360116775  73.77530531812629  -235.01868105863463  -234.57302912924035  -89.28517522120995  -89.2335688195034
1.9333278387425585  3680.187153109372  3680.5560296359627  73.67641645488042  73.70938576132922  -235.91101674682966  -235.46484890273214  -89.38835819637116  -89.33675179466461
1.9383249521025783  3680.9237045966315  3681.292251525438  73.61049687608647  73.64346618253526  -236.80438426477633  -236.357700505803  -89.49154120596377  -89.43993480425722
1.94332206879087  3681.659597323385  3682.0278146542973  73.54457727534636  73.57754658179515  -237.6987836128189  -237.2515839387976  -89.59472424990841  -89.54311784820186
1.948319188799769  3682.39483128841  3682.762719021319  73.47865765271061  73.5116269591594  -238.59421479130089  -238.14649920205989  -89.69790732812596  -89.64630092641941
1.9533163121216366  3683.129406490489  3683.496964625285  73.41273800822961  73.4457073146784  -239.4906778005651  -239.042446295933  -89.8010904405376  -89.74948403883106
1.9583134387488605  3683.8633229284087  3684.230551464982  73.34681834195355  73.37978764840234  -240.38817264095343  -239.93942522075926  -89.90427358706475  -89.8526671853582
1.9633105686738548  3684.5965806009585  3684.9634795392008  73.28089865393245  73.31386796038124  -241.286699312807  -240.83743597688022  -90.00745676762911  -89.95585036592256
1.9683077018890593  3685.3291795069317  3685.6957488467337  73.21497894421616  73.24794825066495  -242.18625781646625  -241.73647856463663  -90.11063998215265  -90.0590335804461
1.9733048383869403  3686.0611196451264  3686.4273593863795  73.14905921285435  73.18202851930315  -243.0868481522707  -242.63655298436848  -90.21382323055761  -90.16221682885106
1.9783019781599895  3686.7924010143443  3687.1583111569407  73.08313945989654  73.11610876634533  -243.9884703205592  -243.53765923641495  -90.31700651276651  -90.26540011105996
1.9832991212007247  3687.5230236133907  3687.8886041572223  73.01721968539206  73.05018899184086  -244.8911243216698  -244.4397973211145  -90.4201898287021  -90.36858342699556
1.9882962675016889  3688.252987441075  3688.6182383860346  72.95129988939009  72.98426919583888  -245.79481015593973  -245.34296723880476  -90.52337317828744  -90.47176677658089
1.9932934170554508  3688.982292496211  3689.3472138421903  72.88538007193961  72.9183493783884  -246.69952782370552  -246.24716898982263  -90.62655656144582  -90.57495015973927
1.9982905698546045  3689.7109387776145  3690.0755305245066  72.81946023308947  72.85242953953826  -247.6052773253029  -247.1524025745042  -90.7297399781008  -90.67813357639425
1.9999999999999991  3690.199515859274  3690.563778006972  72.77521918137742  72.80818848782621  -248.21376414578722  -247.76037347790526  -90.79898988756185  -90.7473834858553
